0.0 0.0 0.5 0.45 0.4 0.35 0.3 0.25 0.2 0.15 0.1 0.05 0.0
5.5 0.42 0.0 0.0 0.0 0.0 0.0 0.0 0.0 0.0 0.0 0.0 0.0
5.55 0.445 2.3e-05 2.3e-05 2.2e-05 2.1e-05 2e-05 1.8e-05 1.7e-05 1.4e-05 1e-05 6e-06 0.0
5.6 0.471 3.1e-05 3e-05 2.9e-05 2.8e-05 2.7e-05 2.5e-05 2.2e-05 1.9e-05 1.4e-05 8e-06 0.0
5.65 0.499 4.4e-05 4.3e-05 4.2e-05 4e-05 3.8e-05 3.5e-05 3.2e-05 2.7e-05 2.1e-05 1.2e-05 0.0
5.7 0.528 5.8e-05 5.6e-05 5.5e-05 5.3e-05 5e-05 4.7e-05 4.2e-05 3.6e-05 2.8e-05 1.6e-05 0.0
5.75 0.56 0.000108 0.000105 0.000102 9.8e-05 9.3e-05 8.7e-05 7.9e-05 6.9e-05 5.3e-05 3.1e-05 0.0
5.8 0.593 0.00016 0.000156 0.000151 0.000146 0.000139 0.00013 0.000119 0.000103 8.1e-05 4.8e-05 0.0
5.85 0.628 0.000251 0.000245 0.000238 0.00023 0.000219 0.000205 0.000188 0.000164 0.00013 7.8e-05 0.0
5.9 0.665 0.000346 0.000339 0.000329 0.000317 0.000302 0.000284 0.00026 0.000229 0.000182 0.000111 0.0
5.95 0.704 0.000598 0.000586 0.00057 0.000549 0.000524 0.000493 0.000453 0.000399 0.00032 0.000199 0.0
6.0 0.746 0.000859 0.000842 0.00082 0.000791 0.000756 0.000712 0.000656 0.00058 0.000469 0.000295 0.0
6.05 0.79 0.001442 0.001414 0.001378 0.001331 0.001273 0.001201 0.001108 0.000983 0.0008 0.00051 0.0
6.1 0.837 0.002044 0.002006 0.001956 0.001892 0.001812 0.00171 0.001581 0.001408 0.001154 0.000746 0.0
6.15 0.887 0.005536 0.005437 0.005306 0.005138 0.004925 0.004656 0.004312 0.003849 0.003175 0.002081 0.0
6.2 0.939 0.009128 0.008973 0.008768 0.0085 0.008156 0.007722 0.007164 0.006418 0.005322 0.003531 0.0
6.25 0.995 0.0269 0.026465 0.025884 0.025128 0.024154 0.022897 0.021284 0.019113 0.01595 0.010711 0.0
6.3 1.054 0.045129 0.044438 0.043506 0.042284 0.040705 0.038665 0.035988 0.032403 0.027188 0.018494 0.0
6.35 1.117 0.058841 0.057986 0.056833 0.055303 0.053309 0.050724 0.047313 0.042726 0.036011 0.024779 0.0
6.4 1.183 0.072804 0.071811 0.070468 0.068672 0.066287 0.063163 0.059078 0.053441 0.045298 0.031497 0.0
6.45 1.253 0.087009 0.085886 0.084363 0.082328 0.079626 0.075995 0.071185 0.064598 0.054955 0.038646 0.0
6.5 1.327 0.101421 0.100196 0.098517 0.096269 0.093247 0.089209 0.083699 0.076211 0.065091 0.046239 0.0
6.55 1.406 0.116028 0.114712 0.112916 0.110462 0.10717 0.102715 0.096627 0.088158 0.07563 0.054323 0.0
6.6 1.489 0.130807 0.129417 0.127507 0.124901 0.121356 0.116531 0.109915 0.100488 0.086585 0.062773 0.0
6.65 1.577 0.145037 0.143599 0.141625 0.138917 0.135178 0.130029 0.122897 0.112729 0.09757 0.071358 0.0
6.7 1.671 0.159379 0.157904 0.155865 0.153077 0.149232 0.143799 0.136189 0.125376 0.108902 0.080371 0.0
6.75 1.77 0.222881 0.220962 0.218304 0.214655 0.209555 0.202383 0.192083 0.177249 0.154526 0.114989 0.0
6.8 1.874 0.287043 0.284748 0.281553 0.277141 0.27096 0.262172 0.249474 0.230773 0.202051 0.151624 0.0
6.85 1.986 0.363444 0.360756 0.357007 0.351793 0.344397 0.333858 0.318521 0.295377 0.259874 0.196383 0.0
6.9 2.103 0.440468 0.437459 0.433242 0.427323 0.418963 0.406793 0.388931 0.36189 0.319601 0.243416 0.0
6.95 2.228 0.482596 0.479559 0.475315 0.46924 0.460626 0.448062 0.429309 0.400856 0.354987 0.272922 0.0
7.0 2.36 0.524808 0.521781 0.517525 0.511452 0.502686 0.489756 0.470293 0.440309 0.391473 0.303287 0.0
7.05 2.5 0.554016 0.551042 0.546858 0.540976 0.532449 0.519618 0.500069 0.469445 0.419124 0.326673 0.0
7.1 2.648 0.583165 0.580287 0.576246 0.570538 0.562144 0.549665 0.530099 0.498945 0.447467 0.351183 0.0
7.15 2.805 0.626994 0.624144 0.620146 0.614367 0.606112 0.593517 0.573862 0.541621 0.487537 0.385797 0.0
7.2 2.971 0.670912 0.668081 0.664085 0.658406 0.65008 0.637611 0.617887 0.584824 0.5283 0.420891 0.0
7.25 3.147 0.736796 0.733938 0.729933 0.724147 0.715606 0.702698 0.682303 0.648046 0.587406 0.470704 0.0
7.3 3.333 0.80289 0.800004 0.795912 0.790079 0.781553 0.768319 0.747406 0.712213 0.647959 0.522347 0.0
7.35 3.531 0.843428 0.84064 0.836713 0.831091 0.822632 0.809767 0.788969 0.753816 0.688859 0.558926 0.0
7.4 3.74 0.884084 0.881383 0.877537 0.872024 0.863949 0.851215 0.830693 0.795835 0.730523 0.596715 0.0
7.45 3.962 0.901289 0.898766 0.895222 0.890102 0.882287 0.87035 0.850755 0.816561 0.753418 0.618768 0.0
7.5 4.196 0.918492 0.91611 0.912735 0.907881 0.900767 0.889192 0.870368 0.83739 0.775796 0.640865 0.0
7.55 4.445 0.92815 0.925948 0.922861 0.918259 0.911439 0.900879 0.882975 0.851438 0.791253 0.657997 0.0
7.6 4.708 0.937599 0.935548 0.932682 0.928518 0.922175 0.912103 0.89527 0.864977 0.806469 0.675499 0.0
7.65 4.987 0.945749 0.943815 0.941098 0.937232 0.931473 0.922083 0.906366 0.877497 0.820589 0.692201 0.0
7.7 5.283 0.953675 0.951873 0.949405 0.945875 0.940418 0.931901 0.916932 0.889492 0.834495 0.709194 0.0
7.75 5.596 0.965326 0.963612 0.96125 0.957899 0.953061 0.944955 0.931245 0.905266 0.851596 0.729212 0.0
7.8 5.928 0.97699 0.975357 0.973092 0.969897 0.965205 0.957939 0.945097 0.920235 0.868626 0.748147 0.0
7.85 6.279 0.977671 0.976153 0.974097 0.971119 0.966652 0.959783 0.947988 0.925139 0.875759 0.758003 0.0
7.9 6.651 0.978301 0.976861 0.974891 0.972143 0.968116 0.961548 0.950769 0.929657 0.882881 0.767458 0.0
7.95 7.045 0.978914 0.977556 0.975698 0.973089 0.969267 0.963311 0.952946 0.933452 0.88942 0.776916 0.0
8.0 7.462 0.979551 0.978271 0.9765 0.974008 0.9704 0.964794 0.95513 0.937218 0.895702 0.786289 0.0
8.05 7.905 0.979996 0.978803 0.977217 0.974965 0.971483 0.966161 0.957353 0.940001 0.901923 0.795496 0.0
8.1 8.373 0.980404 0.979261 0.97773 0.97563 0.97263 0.967494 0.959015 0.942835 0.9072 0.804721 0.0
8.15 8.869 0.980812 0.979723 0.97827 0.976241 0.973344 0.968882 0.96074 0.945735 0.912039 0.813694 0.0
8.2 9.395 0.981214 0.980174 0.978774 0.976849 0.974075 0.969851 0.962438 0.948056 0.916178 0.822887 0.0
8.25 9.951 0.98164 0.98065 0.979308 0.977448 0.974788 0.970735 0.964095 0.950336 0.919961 0.831384 0.0
8.3 10.541 0.981932 0.981 0.97978 0.978083 0.975505 0.971617 0.965178 0.952562 0.923798 0.839834 0.0
8.35 11.166 0.982198 0.981297 0.980112 0.978515 0.976265 0.972485 0.966326 0.954916 0.927312 0.848248 0.0
8.4 11.827 0.982481 0.981612 0.980464 0.978908 0.976724 0.973405 0.967414 0.956409 0.930396 0.855302 0.0
8.45 12.528 0.982753 0.98192 0.980826 0.979325 0.977193 0.974031 0.968545 0.957918 0.933526 0.861747 0.0
8.5 13.27 0.983024 0.982223 0.981162 0.979725 0.97769 0.974598 0.969643 0.959404 0.936764 0.867183 0.0
8.55 14.057 0.983312 0.982543 0.981519 0.980123 0.978154 0.975198 0.970339 0.960906 0.939327 0.872362 0.0
8.6 14.889 0.983616 0.982883 0.981897 0.980545 0.978629 0.975773 0.971076 0.962497 0.941429 0.877712 0.0
8.65 15.772 0.983773 0.983082 0.982209 0.980992 0.979131 0.976345 0.971855 0.963471 0.943596 0.882575 0.0
8.7 16.706 0.983882 0.983204 0.982344 0.981221 0.979663 0.97695 0.972557 0.964453 0.945726 0.887066 0.0
8.75 17.696 0.983997 0.983332 0.982487 0.98138 0.979874 0.977591 0.973301 0.965493 0.947983 0.891674 0.0
8.8 18.745 0.98412 0.983469 0.982638 0.981549 0.980063 0.977922 0.974089 0.96647 0.949739 0.896497 0.0
8.85 19.855 0.98425 0.983613 0.982799 0.981727 0.980263 0.978149 0.974843 0.967467 0.951156 0.90019 0.0
8.9 21.032 0.984362 0.983741 0.982955 0.981917 0.980475 0.97839 0.975121 0.968522 0.952656 0.903416 0.0
8.95 22.278 0.984472 0.983863 0.98309 0.982079 0.9807 0.978644 0.975415 0.96964 0.954154 0.906745 0.0
9.0 23.598 0.984588 0.983993 0.983233 0.982238 0.980882 0.978914 0.975727 0.970097 0.955613 0.910112 0.0
