0.0 0.0 0.5 0.45 0.4 0.35 0.3 0.25 0.2 0.15 0.1 0.05 0.0
5.5 0.333 0.0 0.0 0.0 0.0 0.0 0.0 0.0 0.0 0.0 0.0 0.0
5.55 0.353 2.1e-05 2e-05 2e-05 1.9e-05 1.8e-05 1.6e-05 1.4e-05 1.2e-05 8e-06 4e-06 0.0
5.6 0.374 2.8e-05 2.7e-05 2.6e-05 2.5e-05 2.4e-05 2.2e-05 1.9e-05 1.6e-05 1.2e-05 6e-06 0.0
5.65 0.396 4e-05 3.9e-05 3.8e-05 3.6e-05 3.4e-05 3.2e-05 2.8e-05 2.3e-05 1.7e-05 9e-06 0.0
5.7 0.42 5.3e-05 5.1e-05 5e-05 4.8e-05 4.5e-05 4.2e-05 3.7e-05 3.1e-05 2.3e-05 1.3e-05 0.0
5.75 0.445 9.8e-05 9.6e-05 9.3e-05 8.9e-05 8.4e-05 7.8e-05 7e-05 5.9e-05 4.4e-05 2.5e-05 0.0
5.8 0.471 0.000146 0.000143 0.000138 0.000133 0.000126 0.000117 0.000105 8.9e-05 6.7e-05 3.8e-05 0.0
5.85 0.499 0.00023 0.000225 0.000218 0.000209 0.000199 0.000185 0.000167 0.000143 0.000109 6.2e-05 0.0
5.9 0.528 0.000318 0.000311 0.000301 0.00029 0.000275 0.000257 0.000233 0.0002 0.000154 8.9e-05 0.0
5.95 0.56 0.000551 0.000539 0.000523 0.000503 0.000478 0.000447 0.000407 0.000352 0.000273 0.00016 0.0
6.0 0.593 0.000794 0.000776 0.000754 0.000726 0.00069 0.000647 0.00059 0.000513 0.000402 0.000239 0.0
6.05 0.628 0.001337 0.001308 0.001271 0.001224 0.001166 0.001093 0.001 0.000874 0.00069 0.000416 0.0
6.1 0.665 0.001901 0.001861 0.001809 0.001744 0.001662 0.001562 0.001432 0.001256 0.001 0.000612 0.0
6.15 0.704 0.005167 0.00506 0.004922 0.004748 0.004532 0.004261 0.003916 0.003449 0.002768 0.001718 0.0
6.2 0.746 0.008553 0.008382 0.008158 0.007875 0.007524 0.007086 0.006526 0.00577 0.004667 0.002934 0.0
6.25 0.79 0.025301 0.024812 0.024171 0.023357 0.022334 0.021063 0.019429 0.017237 0.01404 0.008954 0.0
6.3 0.837 0.042605 0.041811 0.040766 0.039433 0.03776 0.035642 0.032961 0.029346 0.024046 0.015546 0.0
6.35 0.887 0.055751 0.054755 0.053437 0.051742 0.049597 0.046897 0.043423 0.038768 0.03198 0.020962 0.0
6.4 0.939 0.06923 0.068053 0.066493 0.064463 0.061858 0.058566 0.054331 0.048671 0.040365 0.02678 0.0
6.45 0.995 0.083016 0.081673 0.079881 0.077547 0.074541 0.070662 0.065685 0.058985 0.049224 0.033054 0.0
6.5 1.054 0.097098 0.09561 0.093605 0.090975 0.087578 0.083189 0.077429 0.069717 0.058497 0.039792 0.0
6.55 1.117 0.111452 0.109833 0.107649 0.104752 0.100975 0.096079 0.089618 0.08093 0.06821 0.046934 0.0
6.6 1.183 0.126008 0.124289 0.121964 0.118856 0.114729 0.109321 0.102251 0.092495 0.078401 0.054514 0.0
6.65 1.253 0.14012 0.138313 0.135859 0.132582 0.128232 0.122384 0.114638 0.104029 0.088501 0.062236 0.0
6.7 1.327 0.154389 0.152524 0.149969 0.146547 0.141946 0.135799 0.127412 0.116013 0.099086 0.070387 0.0
6.75 1.406 0.216477 0.214022 0.210672 0.206093 0.199951 0.191639 0.18028 0.16448 0.141106 0.101352 0.0
6.8 1.489 0.279494 0.276524 0.272444 0.266875 0.2593 0.248991 0.234855 0.214713 0.185005 0.134128 0.0
6.85 1.577 0.354687 0.351172 0.346343 0.33972 0.330577 0.317986 0.300544 0.275679 0.238606 0.174507 0.0
6.9 1.671 0.430743 0.426756 0.421246 0.413711 0.40332 0.388637 0.368069 0.338845 0.294323 0.217214 0.0
6.95 1.77 0.472813 0.468741 0.463102 0.455361 0.444543 0.429328 0.407478 0.376009 0.327807 0.243934 0.0
7.0 1.874 0.515149 0.51103 0.505294 0.497377 0.486285 0.470513 0.447724 0.414162 0.362615 0.272115 0.0
7.05 1.986 0.544763 0.540734 0.535115 0.5273 0.516214 0.500417 0.477428 0.442739 0.389523 0.294357 0.0
7.1 2.103 0.574444 0.57052 0.56502 0.557301 0.546398 0.530527 0.507232 0.471965 0.416813 0.317456 0.0
7.15 2.228 0.618593 0.6147 0.60926 0.601473 0.590431 0.574327 0.550289 0.513819 0.455024 0.349832 0.0
7.2 2.36 0.662767 0.658943 0.653568 0.645899 0.634829 0.618499 0.593921 0.556055 0.494381 0.383014 0.0
7.25 2.5 0.72871 0.724798 0.719294 0.711558 0.700343 0.683465 0.657752 0.617471 0.551283 0.42968 0.0
7.3 2.648 0.794759 0.790838 0.78533 0.777551 0.766111 0.749105 0.72244 0.679982 0.609825 0.478606 0.0
7.35 2.805 0.835657 0.831859 0.826531 0.818829 0.807826 0.79104 0.764843 0.721872 0.64979 0.51419 0.0
7.4 2.971 0.876576 0.872877 0.867657 0.860237 0.849358 0.833067 0.807297 0.764098 0.690248 0.549913 0.0
7.45 3.147 0.894296 0.890827 0.885965 0.878943 0.868576 0.852909 0.828154 0.786574 0.712971 0.571322 0.0
7.5 3.333 0.911981 0.908703 0.904056 0.89743 0.887746 0.872713 0.848959 0.808984 0.735999 0.59332 0.0
7.55 3.531 0.92205 0.919003 0.914709 0.908563 0.899315 0.885251 0.862514 0.824085 0.753072 0.611027 0.0
7.6 3.74 0.932114 0.929266 0.925211 0.919398 0.910884 0.897459 0.875822 0.83907 0.77021 0.629132 0.0
7.65 3.962 0.940693 0.93806 0.934361 0.929017 0.92086 0.908401 0.887949 0.85226 0.786357 0.64582 0.0
7.7 4.196 0.949239 0.946778 0.94329 0.938274 0.930922 0.91896 0.899505 0.865423 0.801767 0.662319 0.0
7.75 4.445 0.961429 0.959149 0.955951 0.951185 0.94412 0.933181 0.914635 0.881968 0.819624 0.68159 0.0
7.8 4.708 0.973408 0.97128 0.968304 0.963981 0.957396 0.946939 0.929463 0.898013 0.83727 0.701299 0.0
7.85 4.987 0.974508 0.972515 0.969715 0.965731 0.959797 0.950122 0.933927 0.90418 0.845542 0.71325 0.0
7.9 5.283 0.975361 0.973518 0.970994 0.967384 0.961803 0.953092 0.937783 0.909719 0.853471 0.725321 0.0
7.95 5.596 0.976178 0.974445 0.972056 0.968668 0.963775 0.955578 0.941714 0.915443 0.861169 0.73741 0.0
8.0 5.928 0.97699 0.975357 0.973092 0.969897 0.965205 0.957939 0.945097 0.920235 0.868626 0.748147 0.0
8.05 6.279 0.977671 0.976153 0.974097 0.971119 0.966652 0.959783 0.947988 0.925139 0.875759 0.758003 0.0
8.1 6.651 0.978301 0.976861 0.974891 0.972143 0.968116 0.961548 0.950769 0.929657 0.882881 0.767458 0.0
8.15 7.045 0.978914 0.977556 0.975698 0.973089 0.969267 0.963311 0.952946 0.933452 0.88942 0.776916 0.0
8.2 7.462 0.979551 0.978271 0.9765 0.974008 0.9704 0.964794 0.95513 0.937218 0.895702 0.786289 0.0
8.25 7.905 0.979996 0.978803 0.977217 0.974965 0.971483 0.966161 0.957353 0.940001 0.901923 0.795496 0.0
8.3 8.373 0.980404 0.979261 0.97773 0.97563 0.97263 0.967494 0.959015 0.942835 0.9072 0.804721 0.0
8.35 8.869 0.980812 0.979723 0.97827 0.976241 0.973344 0.968882 0.96074 0.945735 0.912039 0.813694 0.0
8.4 9.395 0.981214 0.980174 0.978774 0.976849 0.974075 0.969851 0.962438 0.948056 0.916178 0.822887 0.0
8.45 9.951 0.98164 0.98065 0.979308 0.977448 0.974788 0.970735 0.964095 0.950336 0.919961 0.831384 0.0
8.5 10.541 0.981932 0.981 0.97978 0.978083 0.975505 0.971617 0.965178 0.952562 0.923798 0.839834 0.0
8.55 11.166 0.982198 0.981297 0.980112 0.978515 0.976265 0.972485 0.966326 0.954916 0.927312 0.848248 0.0
8.6 11.827 0.982481 0.981612 0.980464 0.978908 0.976724 0.973405 0.967414 0.956409 0.930396 0.855302 0.0
8.65 12.528 0.982753 0.98192 0.980826 0.979325 0.977193 0.974031 0.968545 0.957918 0.933526 0.861747 0.0
8.7 13.27 0.983024 0.982223 0.981162 0.979725 0.97769 0.974598 0.969643 0.959404 0.936764 0.867183 0.0
8.75 14.057 0.983312 0.982543 0.981519 0.980123 0.978154 0.975198 0.970339 0.960906 0.939327 0.872362 0.0
8.8 14.889 0.983616 0.982883 0.981897 0.980545 0.978629 0.975773 0.971076 0.962497 0.941429 0.877712 0.0
8.85 15.772 0.983773 0.983082 0.982209 0.980992 0.979131 0.976345 0.971855 0.963471 0.943596 0.882575 0.0
8.9 16.706 0.983882 0.983204 0.982344 0.981221 0.979663 0.97695 0.972557 0.964453 0.945726 0.887066 0.0
8.95 17.696 0.983997 0.983332 0.982487 0.98138 0.979874 0.977591 0.973301 0.965493 0.947983 0.891674 0.0
9.0 18.745 0.98412 0.983469 0.982638 0.981549 0.980063 0.977922 0.974089 0.96647 0.949739 0.896497 0.0
