0.0 0.0 0.5 0.45 0.4 0.35 0.3 0.25 0.2 0.15 0.1 0.05 0.0
5.5 0.265 0.0 0.0 0.0 0.0 0.0 0.0 0.0 0.0 0.0 0.0 0.0
5.55 0.28 1.9e-05 1.8e-05 1.8e-05 1.7e-05 1.6e-05 1.4e-05 1.2e-05 9e-06 7e-06 3e-06 0.0
5.6 0.297 2.5e-05 2.5e-05 2.4e-05 2.3e-05 2.1e-05 1.9e-05 1.6e-05 1.3e-05 9e-06 5e-06 0.0
5.65 0.315 3.6e-05 3.5e-05 3.4e-05 3.2e-05 3e-05 2.7e-05 2.4e-05 1.9e-05 1.3e-05 7e-06 0.0
5.7 0.333 4.8e-05 4.7e-05 4.5e-05 4.3e-05 4e-05 3.7e-05 3.2e-05 2.6e-05 1.8e-05 1e-05 0.0
5.75 0.353 8.9e-05 8.7e-05 8.4e-05 8e-05 7.5e-05 6.9e-05 6.1e-05 5e-05 3.6e-05 1.9e-05 0.0
5.8 0.374 0.000133 0.00013 0.000125 0.00012 0.000112 0.000103 9.1e-05 7.5e-05 5.5e-05 2.9e-05 0.0
5.85 0.396 0.00021 0.000205 0.000198 0.000189 0.000178 0.000165 0.000146 0.000122 8.9e-05 4.8e-05 0.0
5.9 0.42 0.00029 0.000283 0.000274 0.000262 0.000248 0.000229 0.000205 0.000172 0.000127 7e-05 0.0
5.95 0.445 0.000504 0.000492 0.000476 0.000456 0.000432 0.0004 0.000359 0.000303 0.000226 0.000126 0.0
6.0 0.471 0.000727 0.00071 0.000688 0.00066 0.000625 0.000581 0.000524 0.000445 0.000335 0.000189 0.0
6.05 0.499 0.001226 0.001198 0.001161 0.001115 0.001058 0.000986 0.000891 0.000762 0.00058 0.000331 0.0
6.1 0.528 0.001748 0.001708 0.001657 0.001592 0.001512 0.001411 0.001281 0.001102 0.000846 0.00049 0.0
6.15 0.56 0.004762 0.004655 0.004517 0.004344 0.004131 0.003861 0.003514 0.00304 0.002358 0.001384 0.0
6.2 0.593 0.007903 0.007729 0.007505 0.007224 0.006873 0.006437 0.005877 0.005107 0.003999 0.00238 0.0
6.25 0.628 0.023456 0.022948 0.022291 0.021469 0.020456 0.019178 0.017545 0.015329 0.012112 0.007302 0.0
6.3 0.665 0.039632 0.038796 0.037713 0.036344 0.034648 0.03255 0.029842 0.026189 0.020845 0.012759 0.0
6.35 0.704 0.052037 0.050963 0.049571 0.047818 0.045639 0.042913 0.039435 0.034735 0.027878 0.017305 0.0
6.4 0.746 0.064866 0.063567 0.06187 0.059726 0.057065 0.053738 0.049496 0.043757 0.035394 0.022251 0.0
6.45 0.79 0.078082 0.076571 0.074595 0.072082 0.068925 0.065003 0.059958 0.053194 0.04333 0.027632 0.0
6.5 0.837 0.091667 0.089958 0.087711 0.084841 0.081243 0.076685 0.070918 0.063139 0.051735 0.033449 0.0
6.55 0.887 0.1056 0.103714 0.101217 0.098007 0.093943 0.088829 0.08225 0.073433 0.060574 0.039705 0.0
6.6 0.939 0.119823 0.117785 0.115085 0.111571 0.107063 0.101366 0.094036 0.084239 0.069863 0.046351 0.0
6.65 0.995 0.133691 0.131528 0.128642 0.124883 0.120042 0.113795 0.105781 0.09499 0.079272 0.053231 0.0
6.7 1.054 0.147808 0.145543 0.142491 0.138488 0.133317 0.126636 0.117867 0.106128 0.089047 0.060573 0.0
6.75 1.117 0.20794 0.20492 0.200844 0.195439 0.188392 0.179257 0.167203 0.150993 0.127262 0.087567 0.0
6.8 1.183 0.26924 0.265569 0.260601 0.25396 0.24514 0.233587 0.218479 0.197633 0.167519 0.11648 0.0
6.85 1.253 0.342664 0.338243 0.332242 0.324229 0.31359 0.299289 0.280347 0.254403 0.216428 0.152198 0.0
6.9 1.327 0.417257 0.412217 0.405311 0.396062 0.383629 0.367014 0.344349 0.31354 0.267792 0.190231 0.0
6.95 1.406 0.459226 0.454018 0.446911 0.437199 0.424169 0.406537 0.382439 0.348922 0.299338 0.215004 0.0
7.0 1.489 0.501601 0.496271 0.488948 0.478954 0.465359 0.446858 0.421488 0.385339 0.332024 0.240716 0.0
7.05 1.577 0.531638 0.526369 0.519131 0.509204 0.4955 0.476626 0.450482 0.413214 0.357645 0.261567 0.0
7.1 1.671 0.561761 0.556562 0.549376 0.539549 0.525997 0.506848 0.480024 0.441911 0.383846 0.283284 0.0
7.15 1.77 0.606052 0.600834 0.593605 0.583683 0.569817 0.550314 0.522306 0.48197 0.420184 0.312676 0.0
7.2 1.874 0.650567 0.645366 0.638123 0.628124 0.614116 0.594199 0.565418 0.523035 0.457937 0.343647 0.0
7.25 1.986 0.716539 0.71124 0.703849 0.693569 0.678988 0.65821 0.627972 0.582345 0.512348 0.387175 0.0
7.3 2.103 0.782874 0.777527 0.770031 0.759511 0.744652 0.723022 0.691275 0.643212 0.568049 0.432641 0.0
7.35 2.228 0.82446 0.819272 0.812021 0.801643 0.786927 0.765463 0.733425 0.684818 0.606455 0.466256 0.0
7.4 2.36 0.865934 0.860938 0.853916 0.843895 0.829432 0.808097 0.775984 0.72651 0.64593 0.500424 0.0
7.45 2.5 0.884481 0.879733 0.873053 0.863663 0.85005 0.829565 0.798355 0.749464 0.669127 0.52153 0.0
7.5 2.648 0.902746 0.898292 0.892036 0.8832 0.870206 0.850888 0.8206 0.772374 0.692684 0.543636 0.0
7.55 2.805 0.913554 0.909402 0.903578 0.895158 0.883129 0.864778 0.83614 0.789163 0.710361 0.562121 0.0
7.6 2.971 0.924198 0.920297 0.914794 0.906971 0.895501 0.878325 0.851155 0.805609 0.727747 0.579788 0.0
7.65 3.147 0.933394 0.929774 0.924699 0.91737 0.906549 0.890197 0.864361 0.820962 0.744142 0.5963 0.0
7.7 3.333 0.942511 0.939123 0.93432 0.927473 0.917465 0.901928 0.877379 0.836066 0.760638 0.613182 0.0
7.75 3.531 0.955111 0.951954 0.947507 0.94114 0.931561 0.916992 0.893441 0.853633 0.780075 0.632936 0.0
7.8 3.74 0.967714 0.964758 0.960547 0.954513 0.945674 0.931736 0.909272 0.871117 0.799627 0.653161 0.0
7.85 3.962 0.969298 0.966584 0.962773 0.957267 0.948861 0.936024 0.91495 0.878176 0.810269 0.665459 0.0
7.9 4.196 0.970825 0.968308 0.96474 0.95961 0.95209 0.939856 0.91996 0.885103 0.819999 0.67738 0.0
7.95 4.445 0.972238 0.969931 0.966698 0.961878 0.954733 0.943672 0.924917 0.891883 0.828838 0.689253 0.0
8.0 4.708 0.973408 0.97128 0.968304 0.963981 0.957396 0.946939 0.929463 0.898013 0.83727 0.701299 0.0
8.05 4.987 0.974508 0.972515 0.969715 0.965731 0.959797 0.950122 0.933927 0.90418 0.845542 0.71325 0.0
8.1 5.283 0.975361 0.973518 0.970994 0.967384 0.961803 0.953092 0.937783 0.909719 0.853471 0.725321 0.0
8.15 5.596 0.976178 0.974445 0.972056 0.968668 0.963775 0.955578 0.941714 0.915443 0.861169 0.73741 0.0
8.2 5.928 0.97699 0.975357 0.973092 0.969897 0.965205 0.957939 0.945097 0.920235 0.868626 0.748147 0.0
8.25 6.279 0.977671 0.976153 0.974097 0.971119 0.966652 0.959783 0.947988 0.925139 0.875759 0.758003 0.0
8.3 6.651 0.978301 0.976861 0.974891 0.972143 0.968116 0.961548 0.950769 0.929657 0.882881 0.767458 0.0
8.35 7.045 0.978914 0.977556 0.975698 0.973089 0.969267 0.963311 0.952946 0.933452 0.88942 0.776916 0.0
8.4 7.462 0.979551 0.978271 0.9765 0.974008 0.9704 0.964794 0.95513 0.937218 0.895702 0.786289 0.0
8.45 7.905 0.979996 0.978803 0.977217 0.974965 0.971483 0.966161 0.957353 0.940001 0.901923 0.795496 0.0
8.5 8.373 0.980404 0.979261 0.97773 0.97563 0.97263 0.967494 0.959015 0.942835 0.9072 0.804721 0.0
8.55 8.869 0.980812 0.979723 0.97827 0.976241 0.973344 0.968882 0.96074 0.945735 0.912039 0.813694 0.0
8.6 9.395 0.981214 0.980174 0.978774 0.976849 0.974075 0.969851 0.962438 0.948056 0.916178 0.822887 0.0
8.65 9.951 0.98164 0.98065 0.979308 0.977448 0.974788 0.970735 0.964095 0.950336 0.919961 0.831384 0.0
8.7 10.541 0.981932 0.981 0.97978 0.978083 0.975505 0.971617 0.965178 0.952562 0.923798 0.839834 0.0
8.75 11.166 0.982198 0.981297 0.980112 0.978515 0.976265 0.972485 0.966326 0.954916 0.927312 0.848248 0.0
8.8 11.827 0.982481 0.981612 0.980464 0.978908 0.976724 0.973405 0.967414 0.956409 0.930396 0.855302 0.0
8.85 12.528 0.982753 0.98192 0.980826 0.979325 0.977193 0.974031 0.968545 0.957918 0.933526 0.861747 0.0
8.9 13.27 0.983024 0.982223 0.981162 0.979725 0.97769 0.974598 0.969643 0.959404 0.936764 0.867183 0.0
8.95 14.057 0.983312 0.982543 0.981519 0.980123 0.978154 0.975198 0.970339 0.960906 0.939327 0.872362 0.0
9.0 14.889 0.983616 0.982883 0.981897 0.980545 0.978629 0.975773 0.971076 0.962497 0.941429 0.877712 0.0
