%slip deficit rates and upper and lower 95 confidence bounds (mm/yr) for subsections in model: NZSHM22_RuptureSet-UnVwdHVyZUdlbmVyYXRpb25UYXNrOjc5OTBvWWZMVw
%json files for subsection definitions were obtained form this link, provided by Chris Chamberlain in am email to Kaj Johnson on Feb 4, 2022: http://simple-toshi-ui.s3-website-ap-southeast-2.amazonaws.com/FileDetail/RmlsZToyMjE4My4wUGVpWGE=
%columns indicate:  FaultId, ParentId, slip deficit rate (most probable rate), lower 95 confidence level, upper 95 confidence level 
0,0,0.735,0.25348,1.3753
1,0,0.528,0.21267,1.1999
2,0,0.45,0.16225,1.0546
3,1,0.1275,0.039604,0.23118
4,1,0.1275,0.039604,0.23118
5,2,1.065,0.55155,1.8216
6,2,1.065,0.55155,1.8216
7,3,0.55,0.2253,3.5672
8,3,0.55,0.17006,3.3265
9,3,0.55,0.18046,3.4017
10,4,0.15,0.054455,0.84233
11,4,0.34,0.12098,0.94383
12,5,0.43,0.12864,0.98752
13,5,0.45,0.14682,0.98333
14,5,0.6525,0.21199,1.2449
15,5,0.795,0.25004,1.4742
16,6,1.225,0.74222,3.0929
17,6,1.525,0.5985,3.0689
18,7,0.85,0.42086,3.5185
19,7,0.85,0.42086,3.5185
20,8,21.25,12.44,28.919
21,8,20.75,12.098,28.83
22,9,24.75,13.319,27.343
23,9,24.583,13.441,27.269
24,9,24.25,13.684,27.122
25,10,8.3,3.9296,10.605
26,10,8.7,4.1013,10.596
27,11,17.55,11.843,20.264
28,11,16.95,11.661,20.381
29,12,25.917,17.255,31.209
30,12,26.25,17.728,30.128
31,12,26.4,18.18,29.537
32,12,26.775,18.41,28.249
33,12,26.85,18.551,27.958
34,12,28.35,20.597,30.179
35,12,26.55,20.461,29.629
36,12,26.513,21.633,29.664
37,12,29.1,22.58,29.609
38,12,24.7,23.772,30.131
39,12,25.1,23.75,30.394
40,13,24.9,22.26,28.697
41,13,23.5,22.849,28.713
42,13,25.3,23.844,29.059
43,13,24.9,23.745,29.146
44,13,24.5,23.561,29.415
45,13,24.7,23.666,29.499
46,13,24.9,23.771,29.584
47,13,27.55,26.634,29.816
48,13,29.25,27.678,30.694
49,13,29.55,27.896,31.941
50,13,29.35,28.271,32.425
51,13,29.225,28.29,32.823
52,13,29.1,28.31,33.22
53,13,28.7,27.725,33.134
54,13,28.65,26.88,30.785
55,13,27.95,25.639,29.098
56,13,25.15,24.154,28.562
57,13,24.425,23.537,28.248
58,13,23.7,22.921,27.934
59,13,23.7,22.099,27.79
60,13,22.1,20.668,27.584
61,14,12.45,11.727,15.161
62,14,14.95,13.571,17.881
63,14,14.95,13.571,17.881
64,14,15.55,13.847,18.374
65,14,18.7,14.232,19.249
66,14,18.275,14.226,18.88
67,14,17.85,14.219,18.511
68,14,16.55,14.197,18.631
69,14,15.475,13.996,16.753
70,14,12.7,9.7129,14.962
71,15,15.7,13.8,16.7
72,15,15.7,13.8,16.7
73,16,15.7,13.8,16.7
74,16,15.7,13.8,16.7
75,17,31.4,27.9,33.5
76,17,31.4,27.9,33.5
77,17,31.4,27.9,33.5
78,17,31.4,27.9,33.5
79,17,31.4,27.9,33.5
80,17,31.4,27.9,33.5
81,18,31.4,27.9,33.5
82,18,31.4,27.9,33.5
83,18,31.4,27.9,33.5
84,18,31.4,27.9,33.5
85,18,31.4,27.9,33.5
86,18,31.4,27.9,33.5
87,18,31.4,27.9,33.5
88,18,31.4,27.9,33.5
89,19,7.275,4.4227,9.1135
90,19,5.5875,4.2181,7.5016
91,19,3.8125,2.9327,5.7504
92,19,4.55,3.5738,5.9333
93,19,6.05,4.2588,6.9528
94,19,5.675,4.1962,6.6603
95,19,5.125,3.9679,6.2903
96,20,0.425,0.15991,2.3739
97,20,0.45,0.17453,2.408
98,20,0.825,0.34687,2.488
99,20,1.175,0.50459,2.5338
100,20,0.975,0.4539,2.6964
101,20,1.325,0.77613,3.1005
102,21,0.125,0.048985,1.6782
103,21,0.125,0.048985,1.6782
104,22,0.0975,0.032383,0.16082
105,22,0.0975,0.032383,0.16082
106,23,0.3,0.088522,5.1379
107,23,0.3,0.084759,5.3838
108,23,0.3,0.080995,5.6297
109,24,0.15,0.054655,4.5138
110,24,0.25,0.081546,4.7289
111,24,0.1,0.050245,4.5883
112,25,0.425,0.11788,2.5333
113,25,0.425,0.13052,2.5605
114,25,0.425,0.14317,2.5877
115,26,0.405,0.13268,1.1989
116,26,0.285,0.09851,1.2232
117,27,0.25,0.1,0.5
118,27,0.25,0.1,0.5
119,28,0.47,0.17576,0.8798
120,28,0.47,0.15658,0.85069
121,29,0.405,0.13754,1.4134
122,29,0.39,0.13069,1.4139
123,29,0.63,0.20513,1.4725
124,29,0.42,0.14185,1.3958
125,29,0.465,0.16042,1.3816
126,30,1.85,1.6667,6.181
127,30,3.3,1.8144,6.1742
128,30,4.75,1.962,6.1674
129,30,5.05,2.0633,6.2382
130,30,5.75,3.2283,6.594
131,30,5.05,2.5077,6.3083
132,30,5.05,2.5077,6.3083
133,30,4.55,1.9084,6.4136
134,31,3.05,0.97609,4.0071
135,31,2.85,1.0197,4.3824
136,32,3.45,2.9512,5.9366
137,32,4.275,3.7305,6.1803
138,32,5.175,4.3465,6.2882
139,32,5.4883,4.8085,6.2947
140,32,5.57,4.8515,6.3144
141,32,5.45,4.6994,6.2519
142,32,5.625,4.8968,6.3667
143,32,5.525,4.5757,6.2643
144,32,5.125,4.4017,6.3001
145,33,0.35,0.12849,0.72134
146,33,0.35,0.1134,0.69822
147,34,0.225,0.07351,1.194
148,34,0.225,0.07351,1.194
149,35,0.915,0.40454,1.6761
150,35,0.735,0.30102,1.3993
151,36,0.5,0.1,1
152,36,0.5,0.1,1
153,36,0.5,0.1,1
154,36,0.5,0.1,1
155,37,0.38,0.13723,0.73003
156,37,0.36333,0.12913,0.74267
157,37,0.42,0.13913,0.74599
158,37,0.39,0.10257,0.67612
159,37,0.47,0.19279,0.81659
160,38,0.37,0.1092,0.69019
161,38,0.4,0.12058,0.71191
162,39,0.37,0.13829,0.73503
163,39,0.37,0.12289,0.70026
164,39,0.37,0.12993,0.71258
165,40,0.915,0.32475,1.7543
166,40,0.495,0.26839,1.757
167,40,0.735,0.37662,1.7608
168,41,0.17,0.047749,0.80558
169,41,0.17,0.047749,0.80558
170,42,0.67,0.19631,1.1154
171,42,0.34,0.10704,0.9764
172,42,0.265,0.097979,0.95613
173,42,0.37,0.16005,1.0343
174,43,0.41,0.13562,0.74536
175,43,0.39667,0.13126,0.72195
176,43,0.4,0.13142,0.72672
177,44,0.45,0.15664,0.7471
178,44,0.39,0.13754,0.73464
179,45,0.43,0.17034,0.91558
180,45,0.4,0.1518,0.87788
181,45,0.33,0.11376,0.83832
182,45,0.37,0.12389,0.87142
183,46,0.41625,0.1628,1.1031
184,46,0.498,0.18006,1.0956
185,47,0.495,0.17997,1.4267
186,47,0.495,0.17997,1.4267
187,48,4.85,3.879,7.9465
188,48,5.15,4.3064,8.0264
189,48,5.45,4.4177,8.1375
190,48,6.4,4.6016,8.2824
191,48,7.35,4.7854,8.4274
192,48,5.65,4.8922,8.4967
193,48,6.35,4.6569,8.4579
194,48,5.325,3.9742,8.5249
195,48,4.1,3.2577,8.4719
196,48,4.1,3.2577,8.4719
197,49,2.425,1.6043,4.2438
198,49,2.425,1.6043,4.2438
199,49,2.525,1.6447,4.1824
200,49,2.625,1.6852,4.121
201,50,0.46333,0.13216,0.80444
202,50,0.43,0.11272,0.8054
203,50,0.39,0.09573,0.7847
204,50,0.35,0.099815,0.74692
205,50,0.33,0.0706,0.75479
206,51,0.495,0.3996,1.7262
207,51,0.525,0.31976,1.5842
208,51,0.395,0.16657,1.3243
209,51,0.075,0.019861,1.0886
210,52,1.275,0.76521,2.9877
211,52,2.3,1.7,2.9
212,53,2.975,2.0484,3.825
213,53,2.6,1.6762,3.7092
214,53,2.225,1.3041,3.5933
215,54,0.33,0.11255,0.69219
216,54,0.35667,0.114,0.68672
217,54,0.37,0.11472,0.68398
218,55,0.435,0.14865,1.1952
219,55,0.435,0.14865,1.1952
220,56,0.435,0.13273,1.0775
221,56,0.435,0.13273,1.0775
222,57,0.405,0.13509,1.153
223,57,0.445,0.13866,1.1081
224,57,0.495,0.1539,1.127
225,57,0.495,0.16345,1.159
226,57,0.405,0.15172,1.131
227,58,0.85,0.46377,3.0789
228,58,0.78333,0.41244,3.035
229,58,0.7,0.34837,2.8383
230,58,0.5375,0.25036,2.3511
231,58,0.55,0.2346,2.1878
232,58,0.8625,0.35148,2.6914
233,58,1.25,0.44113,3.1041
234,58,1.95,0.46188,3.7518
235,59,0.495,0.15619,1.4649
236,59,0.63,0.21421,1.4678
237,59,0.5475,0.19138,1.4219
238,59,0.555,0.1737,1.4127
239,59,0.795,0.21555,1.6078
240,59,1.175,0.52513,2.9345
241,59,1.3917,0.51633,2.9857
242,59,1.7875,0.55049,3.4918
243,59,1.7,0.55742,3.7249
244,59,1.55,0.54355,3.6059
245,60,0.405,0.14209,1.195
246,60,0.4275,0.16461,1.4254
247,60,0.395,0.1588,1.5261
248,60,0.535,0.2091,1.4001
249,60,0.53167,0.20471,1.6256
250,60,0.425,0.23038,1.8249
251,61,0.37,0.12389,0.7252
252,61,0.295,0.073638,0.63332
253,62,1.3583,0.59158,2.9167
254,62,2.175,1.3686,2.9609
255,62,2.275,1.2614,3.0853
256,62,2.075,0.98884,2.7936
257,62,1.975,1.3063,2.9245
258,62,2,1.2543,2.9445
259,62,1.6917,0.90143,2.7102
260,62,0.775,0.28333,2.5193
261,63,0.7,0.3,1.1
262,63,0.7,0.3,1.1
263,63,0.7,0.3,1.1
264,64,0.7,0.3,1.1
265,64,0.7,0.3,1.1
266,64,0.7,0.3,1.1
267,64,0.7,0.3,1.1
268,64,0.7,0.3,1.1
269,64,0.7,0.3,1.1
270,64,0.7,0.3,1.1
271,64,0.7,0.3,1.1
272,64,0.7,0.3,1.1
273,64,0.7,0.3,1.1
274,65,0.8,0.3,1.3
275,65,0.8,0.3,1.3
276,65,0.8,0.3,1.3
277,66,0.7,0.3,1.1
278,66,0.7,0.3,1.1
279,66,0.7,0.3,1.1
280,66,0.7,0.3,1.1
281,67,0.7,0.3,1.1
282,67,0.7,0.3,1.1
283,67,0.7,0.3,1.1
284,67,0.7,0.3,1.1
285,67,0.7,0.3,1.1
286,67,0.7,0.3,1.1
287,67,0.7,0.3,1.1
288,68,0.5,0.1,0.9
289,68,0.5,0.1,0.9
290,68,0.5,0.1,0.9
291,68,0.5,0.1,0.9
292,68,0.5,0.1,0.9
293,68,0.5,0.1,0.9
294,69,0.8,0.3,1.3
295,69,0.8,0.3,1.3
296,69,0.8,0.3,1.3
297,69,0.8,0.3,1.3
298,69,0.8,0.3,1.3
299,69,0.8,0.3,1.3
300,70,0.7,0.3,1.1
301,70,0.7,0.3,1.1
302,70,0.7,0.3,1.1
303,70,0.7,0.3,1.1
304,70,0.7,0.3,1.1
305,71,0.8,0.3,1.3
306,71,0.8,0.3,1.3
307,71,0.8,0.3,1.3
308,72,0.37,0.13791,0.71078
309,72,0.318,0.084922,0.64738
310,73,0.39,0.13059,0.93116
311,73,0.39,0.11778,0.95025
312,73,0.4275,0.12084,1.0134
313,73,0.465,0.1239,1.0766
314,74,2,0,10
315,74,2,0,10
316,74,2,0,10
317,74,2,0,10
318,74,2,0,10
319,74,2,0,10
320,74,2,0,10
321,74,2,0,10
322,74,2,0,10
323,75,0.4,0.2,0.6
324,75,0.4,0.2,0.6
325,76,3,1.5,4.5
326,76,3,1.5,4.5
327,77,0.35,0.095092,0.68477
328,77,0.303,0.089297,0.64172
329,77,0.3,0.08763,0.64324
330,77,0.29,0.095087,0.65768
331,78,2.275,0.95285,3.6755
332,78,1.8917,0.84358,3.4797
333,78,1.125,0.62503,3.0881
334,78,0.825,0.52336,2.917
335,78,0.825,0.52336,2.917
336,79,0.13,0.046651,0.87819
337,79,0.13,0.046651,0.87819
338,79,0.45,0.20469,0.93683
339,79,0.45,0.20469,0.93683
340,80,4.75,2.6386,5.4657
341,80,5.65,2.6752,6.3928
342,80,4.225,2.6588,4.9999
343,80,4.0583,2.4838,4.8788
344,80,3.525,2.5229,4.4936
345,81,2.3375,1.6889,4.3606
346,81,2.3875,1.774,4.4502
347,81,2.45,1.881,4.6219
348,81,3.625,2.5315,4.7128
349,81,3.625,2.5315,4.7128
350,81,3.725,2.8063,4.6486
351,82,5.65,2.6969,6.8246
352,82,5.55,2.6224,6.6215
353,82,5.45,2.7177,7.0709
354,82,4.25,2.7155,6.2754
355,82,4.25,2.522,7.1589
356,82,3.1833,2.0519,5.5494
357,82,1.85,1.0663,3.9097
358,83,0.765,0.29014,1.3044
359,83,0.6475,0.23693,1.2028
360,83,0.53,0.18373,1.1013
361,84,0.555,0.17641,1.2471
362,84,0.555,0.17641,1.2471
363,85,0.925,0.46382,2.7087
364,85,0.925,0.46382,2.7087
365,86,2.225,1.1198,3.3272
366,86,2.225,1.1198,3.3272
367,87,0.725,0.36447,2.624
368,87,0.725,0.36447,2.624
369,88,0.49,0.16644,1.0827
370,88,0.27,0.10491,0.93792
371,88,0.45,0.14348,1.0281
372,89,1.625,0.81531,3.1849
373,89,2,1,3
374,89,2,1,3
375,90,0.255,0.069942,1.0625
376,90,0.465,0.20703,1.5519
377,90,0.465,0.20703,1.5519
378,91,0.39,0.12588,0.71394
379,91,0.41,0.14119,0.74492
380,92,0.555,0.24481,1.6502
381,92,0.555,0.23447,1.5436
382,92,0.675,0.29485,1.2906
383,93,0.425,0.15416,1.6414
384,93,0.925,0.30739,2.0434
385,93,0.45833,0.15837,1.7438
386,93,0.225,0.083853,1.594
387,94,0.398,0.14736,0.74025
388,94,0.46333,0.17161,0.76463
389,94,0.42,0.15058,0.76091
390,95,0.735,0.31691,1.5719
391,95,0.78,0.32166,1.6763
392,95,0.827,0.33279,1.926
393,95,0.875,0.3471,2.2484
394,96,0.75,0.37542,1.2765
395,96,0.375,0.12815,1.5173
396,96,0.50833,0.26677,1.7408
397,96,0.775,0.41963,2.2331
398,96,0.975,0.50319,2.6138
399,97,1.85,1.1569,5.2332
400,97,1.85,1.1569,5.2332
401,98,0.575,0.22699,1.2436
402,98,0.69,0.26825,1.2957
403,98,0.765,0.31274,1.3508
404,99,0.049,0.017307,0.081737
405,99,0.05,0.017416,0.082108
406,99,0.051,0.017526,0.082479
407,100,0.375,0.10091,1.1264
408,100,0.45,0.13028,1.3471
409,100,0.705,0.24093,1.494
410,100,0.855,0.33016,1.5614
411,100,0.825,0.33812,1.7027
412,100,0.925,0.14577,1.5665
413,101,0.285,0.089714,1.3364
414,101,0.285,0.089714,1.3364
415,102,0.165,0.04945,1.1382
416,102,0.165,0.04945,1.1382
417,103,0.53,0.18815,0.82863
418,103,0.45,0.16441,0.79351
419,104,0.36,0.13627,0.73433
420,104,0.39,0.14533,0.7464
421,104,0.43667,0.15154,0.75263
422,105,0.695,0.26341,1.4584
423,105,0.51,0.193,1.2838
424,105,0.42,0.15368,1.2329
425,105,0.435,0.17044,1.2448
426,105,0.42,0.17447,1.2563
427,106,3.075,1.8401,4.3313
428,106,3.075,1.8401,4.3313
429,106,2.875,1.7935,3.524
430,106,2.875,1.7935,3.524
431,107,1.325,0.92202,2.8396
432,107,1.425,0.35044,2.7368
433,108,2.325,1.4431,4.125
434,108,2.325,1.4431,4.125
435,109,0.21,0.061192,0.62369
436,109,0.21,0.056557,0.63135
437,110,1.625,0.66615,2.3543
438,110,1.245,0.636,1.9998
439,110,1.6517,0.71732,2.35
440,110,1.775,0.7052,2.4584
441,110,1.675,0.71391,2.4423
442,111,0.62,0.30081,1.2369
443,111,0.76833,0.32425,1.3013
444,111,0.73875,0.33284,1.2759
445,111,0.55625,0.27825,1.2392
446,112,0.77,0.34063,1.2699
447,112,0.77833,0.3391,1.353
448,112,0.715,0.30827,1.4132
449,112,0.7575,0.28816,1.5706
450,113,0.375,0.18436,0.73301
451,113,0.3725,0.15333,0.71627
452,113,0.37,0.1223,0.69953
453,114,0.51,0.1655,1.0815
454,114,0.52,0.17587,1.0328
455,114,0.53,0.17002,1.0313
456,114,0.43667,0.15314,0.95497
457,114,0.41,0.14113,0.91294
458,114,0.43,0.13755,0.90906
459,114,0.35,0.090707,0.92947
460,115,0.405,0.11433,1.2254
461,115,0.445,0.15617,1.19
462,115,0.453,0.15819,1.1507
463,115,0.435,0.12983,1.1184
464,116,1.275,0.23042,2.5793
465,116,1.425,0.57976,2.548
466,116,1.275,0.54838,2.6411
467,116,1.5,0.51358,2.6223
468,117,0.285,0.13337,1.5511
469,117,0.555,0.22,1.5719
470,118,0.135,0.048444,1.3906
471,118,0.255,0.079127,1.4568
472,118,0.255,0.087955,1.4159
473,119,0.375,0.12673,1.2569
474,119,0.315,0.11653,1.2761
475,119,0.285,0.10428,1.2095
476,120,0.3,0.1,0.5
477,120,0.3,0.1,0.5
478,120,0.3,0.1,0.5
479,120,0.3,0.1,0.5
480,121,0.4,0.13488,0.73811
481,121,0.42,0.14009,0.7432
482,121,0.41,0.13771,0.74302
483,121,0.4,0.12809,0.72439
484,122,0.4675,0.18578,1.0984
485,122,0.39667,0.14714,0.97463
486,122,0.42,0.13042,0.97295
487,122,0.45,0.16092,1.0422
488,122,0.55,0.17516,1.0543
489,122,0.44,0.16519,1.0087
490,122,0.46,0.17754,1.0565
491,122,0.49,0.19679,1.0813
492,122,0.46,0.1793,1.0785
493,122,0.47,0.18646,1.0684
494,123,1.08,0.41443,1.7134
495,123,0.705,0.26925,1.3138
496,123,0.775,0.34074,1.416
497,123,0.795,0.34685,1.4519
498,123,0.885,0.39218,1.5403
499,123,0.825,0.34316,1.7768
500,123,1.125,0.42618,1.9865
501,123,1.035,0.38739,1.8775
502,124,0.945,0.50939,1.6739
503,124,0.9,0.40534,1.6788
504,124,0.81,0.354,1.6161
505,124,0.285,0.23475,1.4632
506,125,0.3,0.08433,5.2788
507,125,0.5,0.18971,5.2663
508,125,0.8,0.32275,5.3919
509,125,0.7,0.24502,5.5425
510,126,0.45,0.12476,3.765
511,126,0.45,0.12946,3.8347
512,126,0.45,0.13416,3.9043
513,127,0.41,0.13518,0.96921
514,127,0.41,0.14842,1.0071
515,128,0.39,0.12507,0.72456
516,128,0.37,0.11818,0.6921
517,128,0.39667,0.13232,0.71721
518,129,0.43,0.14316,0.74409
519,129,0.41,0.13581,0.73161
520,129,0.47,0.16404,0.78027
521,130,0.39,0.12222,0.69634
522,130,0.306,0.096923,0.67281
523,130,0.25,0.080058,0.65713
524,131,0.5475,0.19406,1.1591
525,131,0.5175,0.1967,1.1313
526,131,0.525,0.18343,1.1792
527,131,0.465,0.14651,1.1678
528,132,0.345,0.11513,0.58327
529,132,0.345,0.11513,0.58327
530,133,0.29,0.098823,0.67251
531,133,0.29,0.090906,0.67598
532,134,0.275,0.079134,0.60121
533,134,0.275,0.070829,0.59276
534,134,0.32833,0.089783,0.63363
535,135,0.47667,0.16218,1.0721
536,135,0.41,0.16217,1.0671
537,135,0.33,0.11122,0.98255
538,136,0.65,0.24296,4.5929
539,136,0.65,0.24296,4.5929
540,137,0.41,0.14153,1.0521
541,137,0.35,0.090255,0.98362
542,137,0.40333,0.12982,1.0256
543,137,0.43,0.14961,1.0466
544,138,4.15,2.5571,5.9886
545,138,3.35,2.4408,5.6113
546,139,0.37,0.11921,0.70735
547,139,0.355,0.097691,0.64509
548,139,0.295,0.076191,0.64179
549,140,2.225,1.6454,3.8733
550,140,2.225,1.6454,3.8733
551,141,1.225,0.68938,3.0118
552,141,1.375,0.76232,2.5978
553,141,1.375,0.76232,2.5978
554,141,1.635,0.79176,2.3087
555,141,1.485,0.75968,2.2341
556,142,0.85,0.29348,1.9766
557,142,0.675,0.27886,1.5244
558,142,0.675,0.2892,2.5394
559,142,0.5125,0.1964,1.2609
560,142,0.3,0.1,0.6
561,142,0.3,0.1,0.6
562,143,0.47,0.19901,0.93975
563,143,0.322,0.10162,0.83804
564,143,0.49,0.16181,0.91777
565,143,0.43,0.15063,0.88928
566,143,0.37667,0.13645,0.87413
567,143,0.46,0.15987,0.97702
568,144,0.255,0.065124,0.62521
569,144,0.25,0.067473,0.6278
570,144,0.19,0.061536,0.63015
571,145,0.255,0.07598,1.1635
572,145,0.255,0.07598,1.1635
573,146,0.435,0.12451,1.1539
574,146,0.435,0.12451,1.1539
575,147,0.29,0.097108,1.0225
576,147,0.29,0.097108,1.0225
577,148,1.65,0.81018,3.5661
578,148,1.6583,0.79636,3.5051
579,148,1.6333,0.8062,3.6557
580,148,1.55,0.88118,4.2009
581,149,0.33,0.097033,0.66449
582,149,0.275,0.080073,0.64391
583,149,0.2775,0.081849,0.64068
584,150,0.645,0.26384,1.4613
585,150,0.655,0.25426,1.3894
586,150,0.675,0.2351,1.2455
587,150,0.525,0.16677,1.1296
588,150,0.525,0.16677,1.1296
589,151,0.47667,0.16939,0.78586
590,151,0.46,0.15977,0.77492
591,151,0.47,0.15805,0.7864
592,151,0.43667,0.14211,0.77569
593,151,0.43,0.10702,0.75859
594,151,0.35,0.10403,0.70978
595,152,0.29,0.078314,0.94154
596,152,0.34,0.096135,0.98298
597,153,0.42,0.13816,0.74474
598,153,0.3925,0.13251,0.71264
599,153,0.3625,0.12041,0.68783
600,153,0.41,0.13302,0.72829
601,153,0.46,0.16086,0.77879
602,154,1.25,0.49143,2.4859
603,154,1.175,0.46521,2.4746
604,154,0.925,0.24136,2.2938
605,155,0.375,0.10103,1.3686
606,155,0.225,0.079181,1.3471
607,155,0.225,0.079181,1.3471
608,155,0.375,0.12864,1.4794
609,156,13.7,13.17,16.094
610,156,13.55,13.078,16.077
611,156,14.512,13.554,16.217
612,156,15.675,14.042,16.303
613,156,15.775,13.942,16.32
614,156,15.775,14.379,16.496
615,156,15.775,14.379,16.496
616,156,15.825,14.579,16.566
617,157,7.3,6.5595,12.798
618,157,7.3,6.5485,12.856
619,158,1.05,0.87206,3.6502
620,158,1.05,0.87206,3.6502
621,159,3.45,2.869,12.345
622,159,3.45,2.869,12.345
623,160,3.3,2.6397,10.195
624,160,2.25,1.6976,10.441
625,160,3.475,2.6917,10.534
626,160,4.7,3.6857,10.627
627,160,4.3,3.7003,10.578
628,161,16.1,13.957,19.391
629,161,16.1,13.957,19.391
630,162,7.7,6.3717,14.789
631,162,7.7,6.3717,14.789
632,163,7.3,3.3922,9.3676
633,163,5.55,3.1803,7.7687
634,163,5.55,3.1803,7.7687
635,163,5.25,3.1617,7.7708
636,164,3.5,2.31,7.3373
637,164,2.925,2.0529,4.4206
638,164,2.6,1.7061,3.8474
639,164,2.275,1.3593,3.2742
640,165,2.45,0.83124,3.5428
641,165,2.725,1.9597,4.305
642,165,2.725,1.9597,4.305
643,165,3.75,1.8039,4.7155
644,165,3.75,1.8039,4.7155
645,165,3.85,1.7537,6.4817
646,166,1.045,0.33241,1.6176
647,166,1.09,0.35041,1.7266
648,166,0.87,0.32682,1.6292
649,166,0.93,0.34377,1.6824
650,167,0.855,0.38584,1.5843
651,167,0.865,0.36857,1.763
652,167,0.85,0.34712,1.7067
653,167,0.85,0.36731,1.8834
654,167,0.865,0.38086,1.8544
655,168,0.36,0.11698,0.70457
656,168,0.37,0.11386,0.69761
657,168,0.37,0.11161,0.69716
658,169,3,1,5
659,169,3,1,5
660,169,3,1,5
661,169,3,1,5
662,169,3,1,5
663,169,0.55,0.20319,3.0552
664,170,0.5,0.1,1
665,170,0.5,0.1,1
666,170,0.5,0.1,1
667,170,0.5,0.1,1
668,170,0.5,0.1,1
669,170,0.83,0.31179,1.8981
670,170,0.74,0.3001,1.8873
671,170,0.615,0.19021,1.2121
672,171,1.15,0.61752,3.8976
673,171,1.2125,0.4991,3.3098
674,171,1.3,0.5224,2.9409
675,171,1.325,0.66413,3.1597
676,171,2.175,0.78063,3.1409
677,172,0.55667,0.20787,1.1697
678,172,0.635,0.25669,1.299
679,172,0.525,0.21166,1.2024
680,172,0.63,0.23459,1.2362
681,172,0.645,0.21443,1.2656
682,173,0.5225,0.16983,1.1299
683,173,0.44,0.14287,1.038
684,173,0.36,0.12815,0.97181
685,173,0.3,0.1111,0.91352
686,173,0.34,0.11397,0.90116
687,173,0.34,0.097503,0.90965
688,174,0.882,0.43278,1.5866
689,174,0.804,0.33591,1.3573
690,175,1.275,0.21595,2.0129
691,175,1.225,0.34662,1.9117
692,175,0.9,0.34399,1.7047
693,175,0.76833,0.3492,1.7197
694,175,0.54,0.27372,1.6305
695,175,0.635,0.24966,1.6302
696,175,0.855,0.34503,1.7414
697,176,0.51,0.2093,0.86832
698,176,0.66333,0.21222,0.88932
699,176,0.65,0.21698,0.89491
700,177,0.585,0.20818,1.1771
701,177,0.57125,0.22325,1.1712
702,177,0.52333,0.19665,1.1198
703,177,0.5475,0.18479,1.1229
704,178,0.51,0.18443,0.99746
705,178,0.55,0.19175,1.0064
706,179,0.735,0.22602,1.4642
707,179,0.735,0.22602,1.4642
708,180,0.795,0.28905,1.3726
709,180,0.705,0.26285,1.3313
710,181,0.48,0.15915,1.1278
711,181,0.495,0.17583,1.1561
712,182,0.705,0.40429,1.5823
713,182,0.78,0.42145,1.5527
714,182,0.935,0.46877,1.5971
715,182,0.81,0.38755,1.4901
716,183,3.125,2.5656,18.29
717,183,5,4.4645,18.288
718,184,0.35,0.1,0.6
719,184,0.35,0.1,0.6
720,184,0.35,0.1,0.6
721,184,0.35,0.1,0.6
722,184,0.35,0.1,0.6
723,184,0.35,0.1,0.6
724,184,0.49833,0.2225,1.6409
725,184,0.5,0.23765,1.9753
726,184,0.525,0.23633,1.9202
727,184,0.475,0.20293,1.6929
728,185,3.275,1.6632,3.9535
729,185,3.275,1.6632,3.9535
730,185,2.275,1.3826,3.1864
731,186,0.39,0.13107,0.74474
732,186,0.39,0.13107,0.74474
733,187,0.975,0.4062,1.611
734,187,0.975,0.4062,1.611
735,187,0.975,0.4062,1.611
736,187,0.775,0.44779,2.1783
737,187,0.775,0.44779,2.1783
738,188,0.525,0.19136,1.5058
739,188,0.705,0.25608,1.6102
740,188,0.795,0.28844,1.6624
741,189,0.675,0.17078,1.526
742,189,0.735,0.24518,1.567
743,190,0.55,0.22639,3.2651
744,190,0.75,0.30695,3.28
745,190,0.75,0.30695,3.28
746,190,0.55,0.20677,3.2818
747,191,0.315,0.11391,1.1163
748,191,0.63333,0.22912,1.2652
749,192,0.54,0.19144,1.261
750,192,0.4675,0.1772,1.1459
751,192,0.47,0.18766,1.0998
752,192,0.675,0.23151,1.3878
753,193,3.85,2.8071,6.8771
754,193,4.1,3.0986,6.7619
755,193,4.7625,3.715,6.6062
756,193,5.0625,3.8694,6.7767
757,193,4.2,2.9945,6.6837
758,194,0.255,0.090808,1.3102
759,194,0.255,0.090808,1.3102
760,194,0.675,0.31159,1.3533
761,194,0.675,0.31159,1.3533
762,195,0.66,0.23055,1.4723
763,195,0.555,0.17446,1.3999
764,195,0.51,0.18149,1.4359
765,195,0.525,0.21438,1.4868
766,195,0.765,0.29058,1.5911
767,196,7.1,5.4503,17.257
768,196,7.65,6.8694,17.508
769,196,8.85,7.8708,17.767
770,197,3,1,4
771,197,3,1,4
772,197,3,1,4
773,197,3,1,4
774,197,3,1,4
775,197,3,1,4
776,197,2.45,0.13269,3.4078
777,197,3,1,4
778,197,3,1,4
779,197,3,1,4
780,197,3,1,4
781,197,3,1,4
782,198,5.3,4.8544,10.293
783,198,6.825,6.1359,10.571
784,198,9.75,8.0663,11.423
785,198,11.8,9.5676,12.707
786,198,12.45,10.42,13.415
787,198,11.75,10.673,14.799
788,198,11.55,10.464,13.937
789,199,0.49,0.19415,1.107
790,199,0.465,0.1668,1.2328
791,199,0.465,0.1668,1.2328
792,199,0.47,0.21637,0.98738
793,200,0.525,0.1976,1.1841
794,200,0.525,0.1976,1.1841
795,201,0.31,0.10416,0.86804
796,201,0.49,0.16638,0.98817
797,202,0.855,0.28242,1.4775
798,202,0.855,0.28242,1.4775
799,203,0.585,0.24206,1.2146
800,203,0.645,0.29454,1.3426
801,203,0.705,0.34702,1.4707
802,204,0.585,0.18518,1.1711
803,204,0.555,0.22023,1.3738
804,204,0.39,0.13619,1.0547
805,204,0.525,0.15273,1.1417
806,205,0.465,0.13675,1.0988
807,205,0.555,0.15568,1.3342
808,206,0.425,0.15504,1.9228
809,206,0.375,0.13658,1.8873
810,206,0.375,0.13658,1.8873
811,206,0.375,0.14397,1.8909
812,206,0.475,0.16499,1.9255
813,206,0.575,0.186,1.9601
814,207,0.585,0.21865,1.4579
815,207,0.585,0.21865,1.4579
816,208,0.57,0.21658,1.409
817,208,0.63,0.22915,1.3222
818,208,0.675,0.23271,1.2866
819,208,0.595,0.21325,1.1835
820,209,0.17,0.072714,0.90335
821,209,0.21,0.072915,0.883
822,209,0.29,0.073317,0.84229
823,210,0.255,0.068898,1.1512
824,210,0.405,0.224,1.2966
825,211,0.945,0.32789,1.5765
826,211,0.849,0.29246,1.4776
827,211,0.77357,0.28813,1.4309
828,211,0.675,0.28925,1.3908
829,212,0.585,0.25358,1.3035
830,212,0.6075,0.20454,1.2843
831,213,0.63,0.24801,1.5005
832,213,0.615,0.25947,1.4067
833,213,0.645,0.25476,1.3715
834,213,0.621,0.22627,1.286
835,213,0.555,0.22214,1.3702
836,213,0.615,0.23497,1.4045
837,213,0.665,0.23495,1.4105
838,213,0.6225,0.236,1.2932
839,213,0.675,0.265,1.3777
840,213,0.645,0.29193,1.3328
841,213,0.525,0.17172,1.1816
842,214,1.035,0.37654,1.7518
843,214,0.915,0.34319,1.51
844,214,0.75,0.30684,1.4283
845,214,0.675,0.27539,1.3166
846,214,0.6,0.20583,1.2193
847,215,0.65,0.26197,1.1582
848,215,0.675,0.26336,1.2816
849,215,0.65833,0.25425,1.2184
850,215,0.6475,0.27052,1.2318
851,215,0.645,0.29135,1.2768
852,216,0.1425,0.053471,0.24693
853,216,0.1425,0.055175,0.24903
854,217,0.35,0.12352,3.051
855,217,0.825,0.37133,2.9143
856,217,0.25,0.12061,3.0113
857,217,0.31667,0.13352,3.0114
858,217,0.35,0.13997,3.0114
859,218,0.55,0.21696,4.5723
860,218,0.81667,0.34054,4.6333
861,218,0.55,0.21069,4.6315
862,218,0.25,0.13465,4.5855
863,218,0.275,0.12699,4.6172
864,218,0.3,0.11933,4.6488
865,218,0.25,0.093213,4.5401
866,218,0.3,0.11047,4.5722
867,218,0.35,0.12772,4.6044
868,219,0.525,0.19177,2.0587
869,219,0.575,0.28333,2.0405
870,219,0.625,0.37488,2.0222
871,219,1.225,0.44697,2.0856
872,220,0.35,0.12437,0.70653
873,220,0.39,0.1278,0.7153
874,221,0.345,0.10247,1.0647
875,221,0.345,0.10247,1.0647
876,222,0.555,0.18062,1.2413
877,222,0.555,0.18062,1.2413
878,223,0.495,0.19445,1.251
879,223,0.495,0.19445,1.251
880,224,0.22,0.086139,0.96726
881,224,0.21667,0.077114,0.92521
882,224,0.23,0.078393,0.96389
883,225,1.2688,0.4406,2.4022
884,225,1.8083,0.4851,3.2905
885,225,0.745,0.29397,1.7587
886,225,0.495,0.14694,1.2969
887,226,0.29,0.097889,1.0281
888,226,0.29,0.095094,1.008
889,226,0.36,0.12407,1.0261
890,226,0.41167,0.13771,1.0681
891,226,0.375,0.10426,1.0958
892,227,0.705,0.26454,1.6023
893,227,1.065,0.49301,1.8262
894,227,1.245,0.60725,1.9382
895,228,0.18,0.063449,0.89144
896,228,0.17,0.063656,0.87741
897,229,0.33,0.1144,0.68976
898,229,0.38333,0.14178,0.75552
899,229,0.43,0.18402,0.78131
900,230,0.37,0.1141,0.73271
901,230,0.33667,0.097569,0.69972
902,230,0.38,0.11852,0.7357
903,231,0.414,0.12978,0.73095
904,231,0.4,0.13264,0.72417
905,231,0.43667,0.14663,0.7471
906,232,0.495,0.10625,1.2284
907,232,0.525,0.18174,1.3588
908,232,0.745,0.22594,1.4631
909,232,0.9,0.3021,1.7158
910,232,0.975,0.38164,1.7795
911,233,0.35,0.10785,0.68425
912,233,0.37,0.11014,0.69093
913,233,0.37,0.10588,0.6792
914,234,1.075,0.2948,2.0259
915,234,1.675,0.28845,2.2956
916,234,1.675,0.28845,2.2956
917,234,1.725,0.29403,2.2319
918,235,0.47,0.1331,1.0427
919,235,0.45,0.14761,1.0457
920,236,0.915,0.3227,1.6329
921,236,0.645,0.2385,1.234
922,236,0.5825,0.20595,1.1529
923,236,0.5675,0.20082,1.1721
924,237,0.755,0.3122,1.4581
925,237,0.771,0.33879,1.4074
926,237,0.675,0.27236,1.3209
927,237,0.555,0.21734,1.2407
928,238,0.685,0.24515,1.3293
929,238,0.615,0.2442,1.3145
930,238,0.735,0.27628,1.407
931,238,0.895,0.31789,1.5743
932,238,1.053,0.38183,1.7708
933,238,0.885,0.34231,1.6591
934,239,0.75,0.5,1.15
935,239,0.75,0.5,1.15
936,239,0.75,0.5,1.15
937,239,0.75,0.5,1.15
938,240,2.5,1.5,3.5
939,240,2.5,1.5,3.5
940,240,2.5,1.5,3.5
941,240,2.5,1.5,3.5
942,240,2.5,1.5,3.5
943,240,2.5,1.5,3.5
944,240,2.5,1.5,3.5
945,240,2.5,1.5,3.5
946,240,2.5,1.5,3.5
947,241,0.345,0.085092,1.1387
948,241,0.375,0.095704,1.104
949,241,0.405,0.10632,1.0694
950,242,0.475,0.14733,1.9052
951,242,0.375,0.11769,1.9985
952,243,0.495,0.13239,1.187
953,243,0.326,0.10184,1.0159
954,243,0.25,0.079011,0.87334
955,243,0.18,0.059353,0.88697
956,243,0.15,0.053287,0.97805
957,244,0.765,0.26973,1.4893
958,244,0.657,0.24277,1.5217
959,244,0.585,0.2248,1.5433
960,245,0.19,0.073455,0.99493
961,245,0.229,0.074863,1.0312
962,245,0.255,0.075803,1.0553
963,246,2.325,1.2555,4.0082
964,246,2.425,1.1487,3.9122
965,246,2.175,1.4835,3.7793
966,247,2.175,1.1746,3.5756
967,247,2.175,1.1746,3.5756
968,247,3.075,1.7853,3.7976
969,247,3.075,1.7853,3.7976
970,248,0.1725,0.061128,0.31069
971,248,0.1725,0.061128,0.31069
972,249,0.39,0.11897,0.82431
973,249,0.39,0.11897,0.82431
974,250,0.59,0.20167,1.1063
975,250,0.43,0.14784,0.9226
976,251,0.3,0.1,0.5
977,251,0.3,0.1,0.5
978,252,1,0.5,1.5
979,252,1,0.5,1.5
980,252,1,0.5,1.5
981,253,0.3,0.1,0.5
982,253,0.3,0.1,0.5
983,253,0.3,0.1,0.5
984,254,0.5,0.1,0.8
985,254,0.5,0.1,0.8
986,254,0.5,0.1,0.8
987,255,0.28,0.05,0.5
988,255,0.28,0.05,0.5
989,256,0.45,0.14714,0.93282
990,256,0.41,0.10764,0.81106
991,256,0.41,0.091005,0.78141
992,257,0.85,0.33036,1.9118
993,257,0.775,0.27172,1.7955
994,257,0.70833,0.26368,1.7902
995,257,0.6,0.22061,1.8113
996,258,0.8925,0.45211,1.8085
997,258,0.555,0.31804,1.5662
998,258,0.375,0.22402,1.5205
999,259,0.15,0.047866,3.7314
1000,259,0.15,0.047866,3.7314
1001,259,0.15,0.048012,3.7765
1002,259,0.15,0.062068,3.9455
1003,259,0.15,0.058661,3.8655
1004,259,0.15,0.055254,3.7855
1005,259,0.15,0.063537,3.9542
1006,259,0.15,0.07182,4.1229
1007,260,0.285,0.083019,1.0209
1008,260,0.19,0.063978,0.9249
1009,260,0.19,0.063978,0.9249
1010,261,2.425,1.2776,3.1168
1011,261,2.375,1.3624,3.2364
1012,261,2.825,1.3529,3.9056
1013,262,0.418,0.13387,1.0455
1014,262,0.21,0.062504,0.90305
1015,262,0.79,0.28107,1.2218
1016,263,0.4,0.11398,0.78099
1017,263,0.33,0.091131,0.73004
1018,263,0.27,0.085452,0.71659
1019,263,0.35,0.11725,0.7765
1020,264,0.37,0.11332,0.69876
1021,264,0.365,0.11424,0.68326
1022,264,0.35,0.11798,0.69559
1023,265,0.59667,0.20132,0.87221
1024,265,0.62,0.20724,0.86924
1025,265,0.57667,0.20957,0.8625
1026,266,0.445,0.15269,0.77436
1027,266,0.47667,0.17445,0.79489
1028,266,0.5,0.18289,0.81667
1029,267,0.57,0.2138,0.86271
1030,267,0.57,0.20116,0.85539
1031,267,0.43,0.16185,0.77833
1032,267,0.49,0.18518,0.82202
1033,268,0.4,0.2,0.6
1034,268,0.4,0.2,0.6
1035,268,0.4,0.2,0.6
1036,268,0.4,0.2,0.6
1037,269,2.4,1.5161,3.1668
1038,269,2.375,1.5205,3.0468
1039,269,2.425,1.5591,3.1267
1040,269,2.775,1.5822,3.395
1041,269,2.475,1.5346,3.2017
1042,269,2.25,1.4472,3.0785
1043,270,4.025,3.1769,5.6307
1044,270,4.125,3.3171,5.6413
1045,270,4.2083,3.3072,5.5913
1046,270,4.6583,3.3213,5.6581
1047,270,4.975,3.3142,5.8601
1048,270,4.95,3.347,5.9803
1049,270,4.9917,3.316,6.238
1050,270,4.9167,3.2361,6.3693
1051,270,5.15,3.273,6.4377
1052,271,1.125,0.36713,1.9366
1053,271,1.125,0.36713,1.9366
1054,271,1.175,0.31538,1.8067
1055,271,1.175,0.31538,1.8067
1056,272,1.065,0.305,1.6665
1057,272,1.065,0.305,1.6665
1058,272,0.47,0.16678,1.0583
1059,272,0.47,0.16678,1.0583
1060,273,1.575,0.79456,2.5646
1061,273,1.475,0.78992,2.3448
1062,273,1.5583,0.7917,2.2833
1063,274,0.465,0.17445,0.6474
1064,274,0.565,0.17852,0.65915
1065,274,0.425,0.15368,0.62184
1066,274,0.43,0.15185,0.61551
1067,274,0.435,0.15003,0.60918
1068,274,0.405,0.14099,0.60917
1069,274,0.35,0.13007,0.58343
1070,274,0.245,0.086525,0.51608
1071,274,0.25,0.086179,0.51678
1072,274,0.255,0.085832,0.51748
1073,275,0.425,0.13116,0.60988
1074,275,0.37,0.13084,0.59628
1075,275,0.39833,0.14637,0.59491
1076,275,0.4,0.14805,0.60098
1077,275,0.37,0.13242,0.58037
1078,276,0.525,0.20723,1.2518
1079,276,0.54,0.18755,1.1991
1080,276,0.69,0.24338,1.242
1081,276,0.735,0.27202,1.2626
1082,277,0.765,0.30477,1.3669
1083,277,0.665,0.27847,1.3378
1084,278,0.615,0.23582,1.2879
1085,278,0.615,0.23046,1.2707
1086,278,0.555,0.24162,1.2551
1087,279,0.855,0.36724,1.5651
1088,279,0.825,0.32331,1.4022
1089,280,0.1975,0.068338,0.33193
1090,280,0.2425,0.080626,0.34584
1091,281,2,1,3
1092,281,2,1,3
1093,281,2,1,3
1094,281,2,1,3
1095,281,2,1,3
1096,281,2,1,3
1097,281,2,1,3
1098,281,2,1,3
1099,281,2,1,3
1100,282,1.5,1,2
1101,282,1.5,1,2
1102,282,1.5,1,2
1103,282,1.5,1,2
1104,282,1.5,1,2
1105,283,0.53,0.17639,1.0693
1106,283,0.43,0.14558,1.0228
1107,283,0.33,0.11478,0.9763
1108,283,0.495,0.15455,1.1137
1109,284,1,0.5,1.5
1110,284,1,0.5,1.5
1111,284,1,0.5,1.5
1112,284,1,0.5,1.5
1113,285,0.41,0.14067,1.002
1114,285,0.39,0.10859,0.88735
1115,285,0.49,0.17831,1.0478
1116,286,0.495,0.14604,1.1049
1117,286,0.495,0.16562,1.1686
1118,287,1.225,0.46099,2.28
1119,287,2.2563,0.56731,2.8841
1120,288,0.705,0.3108,1.3865
1121,288,0.705,0.3108,1.3865
1122,289,0.35,0.11594,1.0044
1123,289,0.2675,0.082801,0.99864
1124,290,0.36,0.11648,0.7008
1125,290,0.3325,0.10726,0.68102
1126,290,0.39,0.13005,0.71421
1127,291,0.4,0.12537,0.71834
1128,291,0.4,0.13087,0.72599
1129,291,0.38,0.12227,0.70611
1130,292,0.645,0.2409,1.2949
1131,292,0.615,0.24382,1.2623
1132,292,0.53,0.231,1.1441
1133,293,0.435,0.14948,1.1244
1134,293,0.55,0.20833,1.1187
1135,293,0.525,0.18987,1.2429
1136,294,3.75,2.0425,13.665
1137,294,4.35,2.8881,13.663
1138,294,4.95,3.8578,13.403
1139,294,4.95,3.9819,13.145
1140,294,4.65,3.7768,13.722
1141,295,0.825,0.26884,1.4232
1142,295,0.45,0.12724,0.99163
1143,296,0.675,0.25398,1.3166
1144,296,0.565,0.20596,1.2131
1145,296,0.6,0.21379,1.2729
1146,297,2.25,1.7,2.8
1147,297,2.25,1.7,2.8
1148,298,1.95,1.45,2.45
1149,298,1.95,1.45,2.45
1150,298,1.95,1.45,2.45
1151,299,0.37,0.12759,0.72427
1152,299,0.35,0.10855,0.68491
1153,300,0.525,0.20765,1.1839
1154,300,0.525,0.20765,1.1839
1155,301,0.43,0.14121,0.96778
1156,301,0.4775,0.1844,1.1775
1157,301,0.395,0.14371,1.084
1158,302,0.435,0.13233,1.1281
1159,302,0.435,0.13233,1.1281
1160,303,0.35,0.10133,0.93195
1161,303,0.34,0.094187,0.90947
1162,303,0.33,0.08704,0.887
1163,304,0.43,0.15335,0.97556
1164,304,0.41667,0.14309,0.95179
1165,304,0.41,0.13796,0.9399
1166,305,0.26,0.02,0.5
1167,305,0.26,0.02,0.5
1168,305,0.26,0.02,0.5
1169,305,0.26,0.02,0.5
1170,305,0.26,0.02,0.5
1171,305,0.26,0.02,0.5
1172,306,0.215,0.08,0.35
1173,306,0.215,0.08,0.35
1174,306,0.215,0.08,0.35
1175,306,0.215,0.08,0.35
1176,306,0.215,0.08,0.35
1177,307,0.215,0.08,0.35
1178,307,0.215,0.08,0.35
1179,307,0.215,0.08,0.35
1180,307,0.215,0.08,0.35
1181,307,0.215,0.08,0.35
1182,307,0.215,0.08,0.35
1183,307,0.215,0.08,0.35
1184,308,0.875,0.36221,2.1893
1185,308,2.4875,0.97273,3.751
1186,308,2.45,0.96184,3.2289
1187,308,2.575,1.001,3.3143
1188,308,2.1583,0.97509,3.028
1189,309,0.32333,0.1025,0.78731
1190,309,0.35,0.10034,0.75019
1191,309,0.38333,0.12169,0.80096
1192,309,0.29,0.090272,0.76433
1193,310,0.495,0.16051,1.123
1194,310,0.51,0.16453,1.106
1195,311,0.46,0.16922,0.76428
1196,311,0.43,0.15537,0.75224
1197,312,0.43,0.15127,0.74913
1198,312,0.41,0.12643,0.71107
1199,313,0.295,0.09719,0.60074
1200,313,0.295,0.09719,0.60074
1201,314,2.085,1.1244,2.7001
1202,314,1.92,1.0898,2.5717
1203,314,1.775,1.1055,2.4732
1204,314,1.4925,0.91357,2.2493
1205,314,1.725,1.0567,2.2701
1206,314,1.245,0.80012,2.0412
1207,314,1.445,0.90296,2.1512
1208,315,1.775,0.93363,2.4554
1209,315,1.775,0.93363,2.4554
1210,316,2.325,1.0105,3.0609
1211,316,2.325,1.0105,3.0609
1212,317,2.7,2.05,3.4
1213,317,2.7,2.05,3.4
1214,317,2.7,2.05,3.4
1215,317,2.7,2.05,3.4
1216,318,2.1,1.55,2.6
1217,318,2.1,1.55,2.6
1218,318,2.1,1.55,2.6
1219,319,2,1.55,2.55
1220,319,2,1.55,2.55
1221,319,2,1.55,2.55
1222,320,1.925,0.9977,2.7713
1223,320,1.925,0.9977,2.7713
1224,321,0.305,0.10246,0.54392
1225,321,0.305,0.10246,0.54392
1226,322,0.215,0.077809,0.39542
1227,322,0.235,0.080676,0.39732
1228,323,0.225,0.071181,1.3092
1229,323,0.195,0.063552,1.2466
1230,323,0.195,0.063552,1.2466
1231,323,0.735,0.15432,1.4798
1232,323,1.185,0.53569,1.9138
1233,324,0.1575,0.053046,0.24371
1234,324,0.1425,0.05225,0.24454
1235,324,0.1525,0.053786,0.24753
1236,324,0.15583,0.055685,0.24855
1237,325,0.615,0.23711,1.1951
1238,325,0.6,0.23211,1.1948
1239,325,0.625,0.23935,1.2335
1240,325,0.55875,0.19936,1.1386
1241,326,0.585,0.13763,1.384
1242,326,0.605,0.17793,1.3953
1243,326,0.615,0.19809,1.401
1244,326,0.695,0.18797,1.3797
1245,326,0.735,0.18291,1.3691
1246,327,0.5,0.18016,1.1069
1247,327,0.3225,0.11061,1.0324
1248,327,0.21,0.071866,0.99889
1249,327,0.37,0.11758,0.99385
1250,327,0.21,0.063667,0.97202
1251,328,0.36167,0.10974,0.98492
1252,328,0.31,0.099395,0.93173
1253,329,0.31,0.075674,0.90553
1254,329,0.31,0.11139,0.89391
1255,330,0.465,0.14018,1.1259
1256,330,0.465,0.14018,1.1259
1257,331,0.72,0.30085,1.6359
1258,331,0.74,0.3187,1.8065
1259,331,0.885,0.33106,1.4723
1260,331,0.765,0.27773,1.3615
1261,332,1.5,0.5,2.5
1262,332,1.5,0.5,2.5
1263,332,1.5,0.5,2.5
1264,332,1.5,0.5,2.5
1265,332,1.5,0.5,2.5
1266,332,0.125,0.043312,1.8539
1267,332,1.5,0.5,2.5
1268,332,1.5,0.5,2.5
1269,332,1.5,0.5,2.5
1270,332,1.5,0.5,2.5
1271,332,1.5,0.5,2.5
1272,332,1.5,0.5,2.5
1273,332,1.5,0.5,2.5
1274,332,1.5,0.5,2.5
1275,332,1.5,0.5,2.5
1276,332,1.5,0.5,2.5
1277,333,1.545,0.96054,2.1239
1278,333,1.545,0.96054,2.1239
1279,333,1.515,0.83845,2.2529
1280,334,0.925,0.36723,2.4482
1281,334,0.975,0.52149,2.4111
1282,334,1,0.55952,2.4377
1283,334,1.025,0.59755,2.4642
1284,334,1.075,0.4036,2.2606
1285,335,1.875,1.3099,2.8337
1286,335,2.115,1.3632,2.8017
1287,335,2.045,1.2295,2.756
1288,336,1.375,0.81793,2.7163
1289,336,1.7083,1.0963,2.7521
1290,336,1.925,1.2991,2.9744
1291,337,0.81,0.36343,1.5311
1292,337,0.805,0.34796,1.504
1293,337,0.735,0.2965,1.4566
1294,337,0.525,0.18457,1.4442
1295,338,0.225,0.083864,1.2179
1296,338,0.235,0.092071,1.1433
1297,338,0.395,0.1393,1.1519
1298,338,0.465,0.1682,1.2348
1299,339,1.425,0.61178,2.0775
1300,339,1.675,0.53502,2.2886
1301,340,2.075,0.54136,2.6079
1302,340,2.075,0.55219,2.6903
1303,340,2.075,0.56302,2.7728
1304,341,1.325,0.37992,2.5388
1305,341,0.85833,0.30409,2.4226
1306,341,0.625,0.26617,2.3644
1307,342,0.41,0.12655,1.0157
1308,342,0.41,0.12655,1.0157
1309,343,3.7,2.8,4.65
1310,343,3.7,2.8,4.65
1311,344,3,2.25,3.75
1312,344,3,2.25,3.75
1313,345,2,1.5,2.5
1314,345,2,1.5,2.5
1315,346,2.25,1.7,2.8
1316,346,2.25,1.7,2.8
1317,347,2,1.5,2.5
1318,347,2,1.5,2.5
1319,348,0.525,0.16116,1.25
1320,348,0.555,0.16683,1.2578
1321,348,0.69,0.18931,1.36
1322,348,0.825,0.2118,1.4622
1323,349,1.245,0.62137,1.998
1324,349,1.195,0.5901,1.9961
1325,349,1.095,0.52756,1.9923
1326,350,0.49,0.16384,0.7915
1327,350,0.47,0.17181,0.81323
1328,351,1.175,0.82118,2.409
1329,351,1.175,0.82118,2.409
1330,351,2.025,1.4068,3.7473
1331,351,2.025,1.4068,3.7473
1332,351,1.825,1.2214,3.5024
1333,351,1.725,1.1287,3.3799
1334,352,1.5,0.5,2.5
1335,352,1.5,0.5,2.5
1336,352,1.5,0.5,2.5
1337,352,1.5,0.5,2.5
1338,352,1.5,0.5,2.5
1339,352,1.5,0.5,2.5
1340,352,1.5,0.5,2.5
1341,352,1.5,0.5,2.5
1342,352,1.5,0.5,2.5
1343,352,1.5,0.5,2.5
1344,352,1.5,0.5,2.5
1345,352,1.5,0.5,2.5
1346,352,1.5,0.5,2.5
1347,352,1.5,0.5,2.5
1348,353,0.11,0.03595,0.92463
1349,353,0.19,0.05908,0.90839
1350,353,0.2,0.063611,0.92544
1351,353,0.21,0.068142,0.94249
1352,354,2.375,1.6821,3.3196
1353,354,2.375,1.6821,3.3196
1354,355,0.175,0.08225,2.3481
1355,355,0.475,0.13578,2.362
1356,355,0.475,0.13578,2.362
1357,355,1.125,0.26414,2.1682
1358,355,0.975,0.26318,2.1305
1359,355,0.55,0.19498,2.0768
1360,355,0.275,0.12775,2.0607
1361,356,0.675,0.35024,1.7324
1362,356,0.915,0.40421,1.7497
1363,357,0.975,0.45599,2.1464
1364,357,1,0.39883,2.0867
1365,357,1.25,0.51109,2.1261
1366,357,1.475,0.71155,2.2556
1367,357,1.51,0.82642,2.3111
1368,357,1.3817,0.69562,2.1352
1369,357,1.2,0.53595,2.0985
1370,358,0.645,0.25628,1.2951
1371,358,0.645,0.25885,1.436
1372,359,0.275,0.10958,1.9685
1373,359,0.275,0.10958,1.9685
1374,360,0.4,0.1,0.4
1375,360,0.4,0.1,0.4
1376,360,0.4,0.1,0.4
1377,360,0.4,0.1,0.4
1378,361,2.975,2.0453,4.3046
1379,361,3.075,2.1694,4.2312
1380,361,2.85,1.9337,4.108
1381,361,1.55,0.52372,4.1112
1382,361,1.55,0.52372,4.1112
1383,361,1.15,0.54684,4.0586
1384,362,0.435,0.13653,1.1128
1385,362,0.45,0.14623,1.1031
1386,362,0.465,0.15592,1.0934
1387,362,0.555,0.14036,1.1283
1388,362,0.555,0.14036,1.1283
1389,363,0.57,0.19028,1.0815
1390,363,0.5,0.16244,1.0445
1391,363,0.43,0.13461,1.0075
1392,364,0.45167,0.15971,1.0389
1393,364,0.44333,0.16099,1.0125
1394,364,0.45,0.15177,0.98839
1395,365,0.29,0.087634,0.99593
1396,365,0.23,0.06784,0.93622
1397,365,0.24,0.061869,0.9139
1398,366,0.4775,0.15245,1.0521
1399,366,0.34,0.13304,0.75157
1400,366,0.25,0.125,0.5
1401,366,0.25,0.125,0.5
1402,367,0.43,0.13747,0.86655
1403,367,0.445,0.14916,0.82713
1404,367,0.45,0.15305,0.81399
1405,368,0.375,0.13304,1.1141
1406,368,0.315,0.1194,1.1322
1407,368,0.255,0.10577,1.1503
1408,369,0.17,0.054792,0.93284
1409,369,0.17,0.054467,0.87168
1410,370,2.925,2.3438,3.9221
1411,370,2.925,2.3438,3.9221
1412,370,2.775,2.283,3.8923
1413,370,2.775,2.283,3.8923
1414,370,2.55,1.9989,3.8795
1415,370,2.325,1.7148,3.8667
1416,371,1.125,0.82584,1.8149
1417,371,1.245,0.75325,1.9078
1418,371,1.29,0.85722,2.0804
1419,371,1.63,0.92673,2.4554
1420,371,2.3875,0.86485,3.8889
1421,371,3.2,0.79768,4.8935
1422,372,2.125,1.5048,3.2584
1423,372,1.725,1.1708,2.7157
1424,372,2.025,1.084,2.8219
1425,372,2.025,1.084,2.8219
1426,373,0.35,0.103,2.9752
1427,373,0.35,0.103,2.9752
1428,374,0.225,0.075794,0.38405
1429,374,0.225,0.075794,0.38405
1430,375,1.425,0.51495,2.0821
1431,375,1.425,0.51495,2.0821
1432,376,0.945,0.41522,1.77
1433,376,0.945,0.41522,1.77
1434,377,0.825,0.12193,1.5348
1435,377,1.065,0.50576,1.8066
1436,377,1.065,0.50576,1.8066
1437,378,1.185,0.71632,2.2108
1438,378,1.185,0.71632,2.2108
1439,378,0.725,0.34724,2.045
1440,379,0.885,0.55647,1.8522
1441,379,0.885,0.55647,1.8522
1442,379,0.885,0.55647,1.8522
1443,380,0.35,0.090284,0.66993
1444,380,0.38,0.10872,0.69524
1445,381,0.41,0.15531,1.0365
1446,381,0.50333,0.16824,1.0321
1447,381,0.47,0.17356,1.0188
1448,381,0.5925,0.21247,1.144
1449,382,0.53,0.17273,1.0308
1450,382,0.53,0.17273,1.0308
1451,383,0.41,0.19206,1.1011
1452,383,0.52,0.20736,1.1098
1453,383,0.63,0.22267,1.1184
1454,383,0.65,0.24524,1.1887
1455,383,0.65,0.24524,1.1887
1456,384,0.43,0.13065,0.93389
1457,384,0.385,0.12693,0.92122
1458,385,0.375,0.11898,1.1138
1459,385,0.355,0.11265,1.088
1460,385,0.375,0.10961,1.0886
1461,385,0.405,0.10973,1.102
1462,386,1.825,0.67015,2.7992
1463,386,1.825,0.67015,2.7992
1464,387,1.475,0.83296,2.7175
1465,387,1.475,0.83296,2.7175
1466,388,0.95,0.33269,3.447
1467,388,0.825,0.33123,3.4542
1468,389,0.35,0.085047,0.80313
1469,389,0.425,0.16481,0.82215
1470,389,0.47,0.19119,0.84516
1471,390,0.615,0.22486,1.2898
1472,390,0.615,0.22486,1.2898
1473,391,0.725,0.34775,1.8429
1474,391,0.725,0.34775,1.8429
1475,392,0.675,0.26561,1.5204
1476,392,0.615,0.19111,1.3776
1477,393,0.705,0.21668,1.4127
1478,393,0.705,0.21668,1.4127
1479,394,0.2025,0.0657,0.32623
1480,394,0.1975,0.07044,0.32867
1481,395,0.495,0.15704,1.1668
1482,395,0.495,0.15704,1.1668
1483,396,0.1875,0.06402,0.32104
1484,396,0.1875,0.06402,0.32104
1485,397,0.585,0.21934,1.2613
1486,397,0.585,0.21934,1.2613
1487,398,0.315,0.094825,1.0388
1488,398,0.23,0.077507,0.92308
1489,398,0.22,0.073619,0.92709
1490,399,0.795,0.27649,1.2854
1491,399,0.39,0.13527,1.0138
1492,400,0.645,0.24595,1.2595
1493,400,0.645,0.24595,1.2595
1494,401,0.555,0.19669,1.2021
1495,401,0.615,0.24061,1.3646
1496,401,0.69,0.24568,1.4256
1497,402,0.25,0.081285,3.9328
1498,402,0.4,0.10723,3.9822
1499,402,0.45,0.12489,4.0449
1500,402,0.35,0.11661,4.0583
1501,403,1.25,0.57462,3.9152
1502,403,1.05,0.34024,4.2254
1503,404,0.43,0.14648,0.75495
1504,404,0.402,0.14209,0.75637
1505,404,0.39,0.12886,0.72528
1506,405,0.29,0.088182,0.66976
1507,405,0.338,0.09687,0.67437
1508,405,0.35,0.10782,0.67594
1509,406,1.38,0.64308,2.089
1510,406,1.41,0.69598,2.1105
1511,406,1.455,0.71641,2.122
1512,406,1.375,0.74351,2.2679
1513,407,1.515,0.71509,2.1523
1514,407,1.6483,0.72811,2.3359
1515,407,1.575,0.72773,2.3334
1516,407,2.075,0.77361,2.7208
1517,407,2.175,0.75412,2.8182
1518,408,1.065,0.49808,1.8049
1519,408,1.17,0.61561,1.8802
1520,408,1.285,0.67166,2.0004
1521,408,1.155,0.58248,1.8236
1522,408,1.185,0.61334,1.8383
1523,409,0.31,0.08148,0.9374
1524,409,0.31,0.089598,0.90783
1525,409,0.33,0.10365,0.92386
1526,410,3,1,5
1527,410,3,1,5
1528,410,3,1,5
1529,410,3,1,5
1530,411,3,1,5
1531,411,3,1,5
1532,411,3,1,5
1533,411,3,1,5
1534,412,0.705,0.26402,1.3437
1535,412,0.8175,0.26684,1.3945
1536,412,0.741,0.26021,1.3442
1537,412,0.66,0.25052,1.2772
1538,412,0.705,0.2594,1.3097
1539,413,0.043,0.016036,0.081222
1540,413,0.059,0.021452,0.085549
1541,413,0.055,0.021479,0.085053
1542,413,0.053,0.021492,0.084805
1543,414,1.075,0.44077,2.0344
1544,414,0.98,0.42928,1.7757
1545,414,0.885,0.41779,1.517
1546,414,0.765,0.30445,1.5098
1547,415,0.435,0.16895,1.4955
1548,415,0.475,0.19755,1.4584
1549,415,0.495,0.21184,1.4399
1550,416,0.15,0.043824,0.93127
1551,416,0.465,0.11841,1.1185
1552,417,1.25,0.64995,3.4519
1553,417,1.425,0.63787,2.7869
1554,418,0.38,0.12568,0.73214
1555,418,0.39667,0.1303,0.73172
1556,418,0.38333,0.11895,0.70547
1557,419,11,0,22
1558,419,11,0,22
1559,419,11,0,22
1560,419,11,0,22
1561,419,11,0,22
1562,419,11,0,22
1563,419,11,0,22
1564,419,11,0,22
1565,419,11,0,22
1566,419,11,0,22
1567,419,11,0,22
1568,419,11,0,22
1569,419,11,0,22
1570,419,11,0,22
1571,419,11,0,22
1572,420,0.1,0.05,0.15
1573,420,0.1,0.05,0.15
1574,420,0.1,0.05,0.15
1575,420,0.1,0.05,0.15
1576,421,0.5,0.1,0.9
1577,421,0.5,0.1,0.9
1578,422,3,1,5
1579,422,3,1,5
1580,423,3,1.5,4.5
1581,423,3,1.5,4.5
1582,424,3,1.5,4.5
1583,424,3,1.5,4.5
1584,424,3,1.5,4.5
1585,425,0.925,0.32408,1.9619
1586,425,1.1583,0.36568,1.9922
1587,425,1.1583,0.40979,1.9297
1588,425,1.025,0.39849,1.9081
1589,426,0.585,0.18187,1.1732
1590,426,0.39,0.13156,1.0448
1591,427,0.48,0.1762,1.1104
1592,427,0.43,0.15017,1.0453
1593,428,0.053,0.017777,0.082425
1594,428,0.053,0.017777,0.082425
1595,429,0.805,0.33507,1.5428
1596,429,0.965,0.38428,1.6025
1597,429,1.24,0.43977,2.1227
1598,429,1.475,0.46495,2.6117
1599,430,0.405,0.10161,1.0983
1600,430,0.405,0.10161,1.0983
1601,430,0.405,0.10161,1.0983
1602,431,0.30167,0.10602,0.53728
1603,431,0.31,0.11176,0.54654
1604,431,0.27,0.093085,0.5215
1605,431,0.245,0.082445,0.50393
1606,431,0.305,0.097502,0.53047
1607,432,0.31,0.09977,0.7405
1608,432,0.26714,0.081362,0.72924
1609,432,0.25,0.073998,0.72474
1610,433,0.1925,0.072043,0.32659
1611,433,0.20625,0.073834,0.3309
1612,433,0.21917,0.080935,0.33483
1613,433,0.1985,0.07899,0.33155
1614,433,0.2125,0.07859,0.33537
1615,433,0.2075,0.074599,0.32957
1616,433,0.1925,0.070141,0.32311
1617,433,0.2075,0.075197,0.32839
1618,434,0.049,0.017736,0.081739
1619,434,0.048333,0.017751,0.081897
1620,434,0.047,0.017759,0.0823
1621,434,0.047,0.017691,0.082553
1622,434,0.049,0.01765,0.082159
1623,434,0.051,0.017562,0.081674
1624,435,0.135,0.056641,0.98463
1625,435,0.135,0.056641,0.98463
1626,436,2,1.5,2.5
1627,436,2,1.5,2.5
1628,436,2,1.5,2.5
1629,437,1.95,1.45,2.45
1630,437,1.95,1.45,2.45
1631,437,1.95,1.45,2.45
1632,438,0.2,0.1,0.3
1633,438,0.2,0.1,0.3
1634,438,0.2,0.1,0.3
1635,438,0.2,0.1,0.3
1636,438,0.2,0.1,0.3
1637,439,0.42,0.12799,1.1181
1638,439,0.45,0.1279,1.0956
1639,439,0.525,0.16261,1.1221
1640,439,0.735,0.29717,1.3937
1641,439,0.735,0.3233,1.4915
1642,439,0.765,0.2873,1.4219
1643,439,0.975,0.38096,1.819
1644,440,2.7,2.05,3.4
1645,440,2.7,2.05,3.4
1646,441,2.75,2.05,3.4
1647,441,2.75,2.05,3.4
1648,442,2,1.5,2.5
1649,442,2,1.5,2.5
1650,443,0.44333,0.14579,1.0113
1651,443,0.44,0.12376,0.95503
1652,443,0.39,0.11761,0.96017
1653,444,0.25,0.087016,3.0153
1654,444,0.25,0.085871,2.9822
1655,444,0.25,0.083579,2.916
1656,445,0.35,0.099149,0.9787
1657,445,0.35,0.099149,0.9787
1658,445,0.35,0.13116,0.9873
1659,446,2.15,1.2823,4.0914
1660,446,1.925,1.0259,3.5131
1661,447,1.325,0.73897,3.0386
1662,447,1.325,0.73897,3.0386
1663,447,1.325,0.66942,3.1406
1664,447,1.875,1.0456,3.3621
1665,447,1.875,1.0456,3.3621
1666,448,0.1675,0.062598,0.25432
1667,448,0.1575,0.057221,0.24939
1668,449,0.795,0.37348,1.551
1669,449,0.795,0.37348,1.551
1670,450,0.69,0.28443,1.323
1671,450,0.78,0.32991,1.4088
1672,450,0.9,0.35913,1.4867
1673,450,0.84,0.35715,1.3938
1674,450,0.765,0.34834,1.326
1675,450,1.02,0.3808,1.6052
1676,451,0.1575,0.053351,0.2473
1677,451,0.15083,0.05479,0.24753
1678,452,0.39,0.10915,1.0323
1679,452,0.41667,0.12181,1.0384
1680,452,0.47,0.16912,1.1004
1681,453,0.615,0.23625,1.1932
1682,453,0.595,0.22056,1.2191
1683,453,0.705,0.24956,1.2722
1684,454,0.78875,0.34288,1.4815
1685,454,0.65,0.30957,1.2407
1686,455,0.435,0.16395,1.1715
1687,455,0.465,0.15126,1.1537
1688,456,0.42,0.12707,0.95731
1689,456,0.485,0.16254,1.0321
1690,457,0.45,0.14986,1.0182
1691,457,0.46,0.13395,1.028
1692,458,0.49083,0.10982,1.0619
1693,458,0.47,0.18481,1.0928
1694,459,1.775,0.31154,2.1552
1695,459,1.285,0.30512,1.7855
1696,459,0.795,0.2987,1.4159
1697,460,1.625,0.58745,2.1724
1698,460,1.375,0.5894,1.9549
1699,460,1.125,0.59135,1.7374
1700,460,0.825,0.42607,1.4911
1701,461,3,2,4
1702,461,3,2,4
1703,462,3.3,2.4,4.2
1704,462,3.3,2.4,4.2
1705,463,0.295,0.086394,0.58299
1706,463,0.29167,0.090258,0.57643
1707,463,0.297,0.098949,0.58461
1708,463,0.325,0.11497,0.60889
1709,464,2.7,2.05,3.4
1710,464,2.7,2.05,3.4
1711,465,2.7,2.05,3.4
1712,465,2.7,2.05,3.4
1713,466,0.36,0.13457,1.4689
1714,466,0.435,0.17306,1.4714
1715,466,0.465,0.17913,1.4114
1716,466,0.495,0.18779,1.3982
1717,466,0.435,0.18147,1.4239
1718,466,0.48,0.18703,1.4526
1719,466,0.555,0.19388,1.4974
1720,467,0.615,0.2472,1.2133
1721,467,0.595,0.22678,1.2667
1722,467,0.615,0.24479,1.2648
1723,468,0.6,0.2383,1.2474
1724,468,0.6075,0.25014,1.2162
1725,469,0.585,0.19126,1.1924
1726,469,0.585,0.2171,1.1995
1727,469,0.5475,0.20873,1.1485
1728,469,0.675,0.23146,1.249
1729,470,0.825,0.28944,1.4297
1730,470,0.717,0.28233,1.2635
1731,470,0.67875,0.2485,1.2237
1732,470,0.63,0.25186,1.2404
1733,471,1,0.5,1.5
1734,471,1,0.5,1.5
1735,471,0.315,0.11544,1.4596
1736,471,0.795,0.3416,1.5886
1737,471,0.825,0.34129,1.7812
1738,471,1.155,0.5054,1.9787
1739,471,1.395,0.65178,2.1026
1740,472,1.85,0.46961,4.6274
1741,472,1.85,0.50396,4.6455
1742,472,2.925,1.502,5.0728
1743,472,4,2.5,5.5
1744,472,4,2.5,5.5
1745,472,4,2.5,5.5
1746,472,4,2.5,5.5
1747,472,4,2.5,5.5
1748,472,4,2.5,5.5
1749,473,0.5,0.2,0.8
1750,473,0.5,0.2,0.8
1751,473,0.5,0.2,0.8
1752,474,1,0.5,1.5
1753,474,1,0.5,1.5
1754,474,1,0.5,1.5
1755,474,1,0.5,1.5
1756,474,1,0.5,1.5
1757,474,1,0.5,1.5
1758,474,1,0.5,1.5
1759,474,1,0.5,1.5
1760,475,1,0.5,1.5
1761,475,1,0.5,1.5
1762,475,1,0.5,1.5
1763,476,0.645,0.27362,1.2841
1764,476,0.5475,0.21715,1.1871
1765,476,0.45,0.16067,1.0902
1766,477,2,1,3
1767,477,2,1,3
1768,478,2.85,1.7378,5.1849
1769,478,2.85,1.7378,5.1849
1770,479,1.05,0.42825,4.6518
1771,479,1.05,0.42825,4.6518
1772,480,1.975,1.1659,3.2499
1773,480,1.975,1.1659,3.2499
1774,481,3.55,1.8882,5.2782
1775,481,1.65,0.86568,5.0654
1776,482,0.585,0.20119,1.2904
1777,482,0.735,0.32062,1.4757
1778,483,2.3,1.75,2.9
1779,483,2.3,1.75,2.9
1780,484,4.1,3.1,5.15
1781,484,4.1,3.1,5.15
1782,485,2.475,1.6787,3.4607
1783,485,2.835,2.1858,3.583
1784,486,0.38,0.12164,0.93392
1785,486,0.445,0.14591,0.96136
1786,486,0.59,0.20845,1.1148
1787,486,0.56,0.19288,1.0721
1788,486,0.55,0.19522,1.0675
1789,486,0.47667,0.1647,1.0144
1790,486,0.45,0.14064,0.95631
1791,486,0.33,0.10695,0.90318
1792,486,0.41,0.1262,0.96537
1793,487,2.175,1.4759,3.4514
1794,487,1.975,1.228,3.4589
1795,487,1.875,1.1041,3.4626
1796,488,3.25,2.1486,4.9983
1797,488,2.9875,1.9393,4.3172
1798,488,2.725,1.73,3.6361
1799,489,0.41,0.14549,0.74336
1800,489,0.51,0.16551,0.78915
1801,489,0.52,0.17058,0.80298
1802,489,0.51,0.18528,0.83895
1803,489,0.57,0.19157,0.86169
1804,490,0.36333,0.11257,0.69222
1805,490,0.35,0.11683,0.69597
1806,491,0.35,0.12648,0.9581
1807,491,0.42,0.13801,1.002
1808,491,0.49,0.14954,1.0459
1809,492,1.9,0.83796,2.6676
1810,492,2.225,0.88542,2.931
1811,492,2,0.89141,2.7409
1812,492,1.455,0.72987,2.2379
1813,492,1.335,0.70975,2.0643
1814,492,1.5,0.82504,2.1913
1815,492,1.605,0.87886,2.2169
1816,492,1.395,0.8118,1.9957
1817,492,1.365,0.71834,2.0797
1818,493,0.765,0.33916,1.531
1819,493,0.795,0.3699,1.5403
1820,493,0.855,0.40084,1.5358
1821,493,0.87,0.45275,1.5707
1822,493,0.885,0.42998,1.5959
1823,494,1.075,0.7631,3.0615
1824,494,1.075,0.7631,3.0615
1825,495,0.405,0.13618,1.4115
1826,495,0.675,0.22822,1.5869
1827,496,0.825,0.24235,1.6247
1828,496,0.915,0.23929,1.6559
1829,497,0.33,0.08414,0.64523
1830,497,0.33,0.090706,0.66191
1831,497,0.29,0.089853,0.66476
1832,498,0.47,0.15599,1.0117
1833,498,0.55,0.21234,1.1078
1834,498,0.634,0.23447,1.2205
1835,498,0.64125,0.23599,1.1634
1836,498,0.717,0.22991,1.1954
1837,498,0.474,0.20449,1.048
1838,499,0.765,0.32031,1.4498
1839,499,1.035,0.50568,1.6862
1840,499,0.99,0.51465,1.6828
1841,499,1.035,0.57126,1.7163
1842,499,1.125,0.61889,1.7531
1843,499,0.945,0.51637,1.6724
1844,499,1.275,0.60482,1.88
1845,499,1.275,0.60482,1.88
1846,500,0.975,0.41516,1.581
1847,500,0.815,0.35191,1.4623
1848,500,0.855,0.40174,1.623
1849,500,1.225,0.50118,2.2182
1850,500,1.275,0.5312,2.2683
1851,500,1.725,0.50467,2.721
1852,501,1.115,0.5572,1.7873
1853,501,1.115,0.59918,1.7936
1854,501,1.275,0.71024,2.0082
1855,501,1.515,0.76846,2.1791
1856,501,1.53,0.7402,2.1465
1857,501,1.78,0.77182,2.4629
1858,501,2.1,0.84068,2.8707
1859,502,1.125,0.56158,2.6382
1860,502,1.025,0.62586,2.5422
1861,502,0.875,0.48378,2.4455
1862,502,0.975,0.55454,2.5262
1863,503,0.38,0.13241,0.95187
1864,503,0.39,0.13562,0.95699
1865,503,0.39,0.13106,0.9762
1866,504,0.675,0.30396,1.2831
1867,504,0.645,0.24881,1.2821
1868,504,0.615,0.19366,1.281
1869,505,0.675,0.26414,2.4557
1870,505,0.425,0.15035,2.2643
1871,505,0.425,0.15447,2.2132
1872,505,0.325,0.11768,2.2371
1873,505,0.575,0.19867,2.05
1874,505,0.9,0.31386,1.9045
1875,506,7.65,5.7641,9.7764
1876,506,6,3.4544,9.1397
1877,506,5.5,2.89,8.9535
1878,506,3.6,2.6511,8.8938
1879,506,5.525,3.8737,9.0842
1880,507,4.4333,2.6639,8.0362
1881,507,2.7,2.5204,7.8343
1882,507,4.95,3.5475,7.6068
1883,507,4.15,3.5877,7.095
1884,508,5.65,3.3056,6.6484
1885,508,5.45,3.2527,6.4029
1886,508,5.05,2.9407,6.0307
1887,508,4.85,2.6816,5.9041
1888,508,4.45,2.5152,5.8606
1889,509,6.1,5.3904,10.49
1890,509,6,5.2411,10.551
1891,509,5.9,5.0917,10.612
1892,510,0.435,0.17981,1.3456
1893,510,0.435,0.17981,1.3456
1894,511,4.075,3.1458,5.2799
1895,511,4.825,3.7012,5.5084
1896,511,4.7,3.6048,5.4446
1897,511,4.575,3.5083,5.3808
1898,511,4.825,3.7274,5.4191
1899,511,4.575,3.7545,5.4118
1900,511,4.575,3.7545,5.4118
1901,511,4.695,4.0225,5.4149
1902,511,4.575,3.9155,5.3671
1903,511,4.905,4.2126,5.5672
1904,511,4.905,4.2126,5.5672
1905,511,5.085,4.2795,5.7111
1906,512,1.45,0.83415,4.5667
1907,512,2.15,1.4222,4.4783
1908,513,4.175,2.9762,5.1117
1909,513,4.175,2.9762,5.1117
1910,514,0.41,0.12894,0.76808
1911,514,0.39,0.13656,0.72982
1912,514,0.38,0.12735,0.74349
1913,515,0.37,0.11918,0.70874
1914,515,0.35,0.097942,0.67598
1915,516,0.35,0.098058,0.67127
1916,516,0.35,0.098058,0.67127
1917,517,0.35,0.098394,0.67729
1918,517,0.31,0.092701,0.67029
1919,517,0.3,0.092899,0.66858
1920,517,0.35,0.10264,0.6873
1921,518,0.255,0.078892,1.045
1922,518,0.255,0.078892,1.045
1923,519,0.165,0.070705,1.1836
1924,519,0.165,0.070705,1.1836
1925,520,0.48,0.1506,1.0377
1926,520,0.485,0.16034,1.0561
1927,520,0.51,0.18984,1.1395
1928,520,0.625,0.20903,1.2274
1929,521,0.735,0.2547,1.33
1930,521,0.775,0.30143,1.3855
1931,521,0.87,0.347,1.6602
1932,522,0.645,0.24353,1.3607
1933,522,0.6,0.23085,1.2791
1934,522,0.56667,0.21373,1.1708
1935,522,0.59,0.20484,1.1173
1936,522,0.462,0.17372,1.0434
1937,522,0.48333,0.16691,1.0589
1938,523,0.59,0.22059,1.1534
1939,523,0.56333,0.21042,1.1564
1940,523,0.58,0.21256,1.1352
1941,523,0.645,0.24567,1.2112
1942,523,0.625,0.22707,1.2078
1943,523,0.695,0.23147,1.3166
1944,524,0.495,0.18148,1.1333
1945,524,0.37,0.11579,1.0305
1946,525,0.3175,0.10585,0.6563
1947,525,0.33,0.11103,0.63693
1948,525,0.3425,0.10528,0.68602
1949,525,0.4,0.12915,0.76653
1950,525,0.47,0.15606,0.80362
1951,525,0.48,0.16001,0.79784
1952,526,0.41,0.13676,0.87042
1953,526,0.41,0.1391,0.92112
1954,527,0.35,0.099864,0.67791
1955,527,0.315,0.10125,0.67297
1956,527,0.38,0.12446,0.72005
1957,528,3.75,2.4465,6.4502
1958,528,3.75,2.4465,6.4502
1959,529,1.95,1.4018,5.0674
1960,529,1.95,1.4018,5.0674
1961,530,1.75,1.3347,4.9961
1962,530,1.75,1.3347,4.9961
1963,531,1.85,1.3108,4.5246
1964,531,1.95,1.4253,4.5796
1965,531,1.65,1.2612,4.6543
1966,532,0.35,0.26868,2.7801
1967,532,0.35,0.26868,2.7801
1968,533,4.975,4.1585,5.9633
1969,533,4.925,4.1754,5.9197
1970,533,4.875,4.0945,5.885
1971,533,4.575,4.002,5.9116
1972,534,1.15,0.40564,3.166
1973,534,1.15,0.40564,3.166
1974,535,1.75,1.0024,3.9482
1975,535,0.45,0.25253,3.6371
1976,535,0.75,0.2549,3.6058
1977,536,2.9167,1.5868,5.3036
1978,536,2.65,1.2485,5.2737
1979,536,2.15,1.0072,5.1168
1980,537,0.41,0.14371,0.75004
1981,537,0.51667,0.17328,0.805
1982,537,0.48,0.17243,0.80203
1983,538,2,0,10
1984,538,2,0,10
1985,538,2,0,10
1986,538,2,0,10
1987,538,2,0,10
1988,538,2,0,10
1989,538,2,0,10
1990,538,2,0,10
1991,538,2,0,10
1992,538,2,0,10
1993,538,2,0,10
1994,538,2,0,10
1995,539,0.1525,0.047676,0.23968
1996,539,0.15,0.049946,0.24267
1997,539,0.15417,0.057016,0.25203
1998,539,0.1575,0.057118,0.25259
1999,540,2.6,1.95,3.25
2000,540,2.6,1.95,3.25
2001,541,1.425,0.88609,2.8622
2002,541,1.325,0.81905,2.7578
2003,541,1.225,0.75201,2.6535
2004,541,0.825,0.38533,2.6449
2005,541,0.725,0.31527,2.632
2006,541,0.825,0.34975,2.6877
2007,541,1.175,0.51982,2.759
2008,541,1.125,0.51542,2.9463
2009,542,1.575,0.9516,2.8443
2010,542,1.825,1.0295,2.9193
2011,542,1.225,0.68301,2.7957
2012,542,0.475,0.26252,2.756
2013,542,0.6,0.37819,2.8506
2014,543,0.675,0.3594,2.2121
2015,543,0.675,0.3594,2.2121
2016,543,1.125,0.83768,2.3019
2017,544,0.53,0.1827,1.0574
2018,544,0.49833,0.18706,1.1349
2019,544,0.5525,0.21535,1.1104
2020,544,0.56,0.22912,1.0812
2021,544,0.58,0.23005,1.1205
2022,544,0.55,0.21393,1.0921
2023,544,0.5475,0.20426,1.1185
2024,544,0.52333,0.17212,1.0339
2025,544,0.54833,0.18871,1.1088
2026,545,0.59,0.19144,1.112
2027,545,0.23,0.082916,0.98295
2028,546,0.225,0.071978,1.8941
2029,546,0.325,0.090926,1.823
2030,546,1.5,0.5,2.5
2031,546,1.5,0.5,2.5
2032,546,1.5,0.5,2.5
2033,546,1.5,0.5,2.5
2034,546,1.5,0.5,2.5
2035,546,1.5,0.5,2.5
2036,547,1.175,0.56804,2.3679
2037,547,0.825,0.34475,2.2657
2038,547,0.625,0.23366,1.9395
2039,547,0.4,0.14964,1.7483
2040,547,0.175,0.058985,1.5532
2041,548,0.195,0.080821,1.1108
2042,548,0.195,0.080821,1.1108
2043,549,0.6,0.20894,1.2537
2044,549,0.69,0.26396,1.2932
2045,549,0.705,0.27997,1.3294
2046,549,0.735,0.29483,1.3795
2047,549,0.735,0.29463,1.4041
2048,549,0.705,0.2808,1.402
2049,550,1.0425,0.37926,1.7954
2050,550,0.975,0.38123,1.9187
2051,550,0.915,0.35685,1.5629
2052,550,0.855,0.32641,1.4944
2053,550,0.8475,0.33077,1.4901
2054,550,0.717,0.27504,1.3577
2055,550,0.785,0.2686,1.3685
2056,550,0.69,0.254,1.2937
2057,550,0.585,0.18711,1.1526
2058,550,0.48,0.15534,1.1387
2059,551,0.585,0.1842,1.2165
2060,551,0.165,0.058016,1.092
2061,552,0.68125,0.23918,1.2617
2062,552,0.65875,0.24431,1.2161
2063,552,0.675,0.25574,1.2374
2064,553,2.85,1.862,4.2059
2065,553,2.8417,1.7713,3.7393
2066,553,2.775,1.8525,3.5918
2067,554,1.525,0.8887,2.7393
2068,554,0.975,0.19603,2.6682
2069,555,0.235,0.095148,0.66644
2070,555,0.25167,0.089342,0.65508
2071,555,0.285,0.07773,0.63236
2072,556,0.25,0.071031,0.83974
2073,556,0.45,0.15072,1.0388
