0,0,1.1875,0.49467,2.49
1,0,0.955,0.40836,2.3228
2,0,0.625,0.21848,1.9034
3,1,0.295,0.044394,0.3
4,1,0.295,0.044394,0.3
5,2,1.525,1.0351,3.3534
6,2,1.525,1.0351,3.3534
7,3,0.7,0.21718,5.4121
8,3,0.9,0.31091,6.1662
9,3,0.9,0.2908,7.0306
10,4,0.195,0.060662,1.1865
11,4,0.36,0.12393,1.4526
12,5,0.575,0.21302,2.03
13,5,0.9,0.37181,2.2831
14,5,1.625,0.8179,2.878
15,6,1.05,0.45204,3.529
16,6,0.85,0.42083,3.5252
17,7,0.475,0.20912,2.3642
18,7,0.475,0.20912,2.3642
19,8,27.283,23.865,29.38
20,8,18.85,15.363,20.525
21,8,18.75,15.147,20.217
22,9,20.35,16.745,22.587
23,9,20.25,16.854,22.384
24,9,20.05,17.07,21.977
25,10,19.3,14.287,22.331
26,10,18.1,15.135,22.743
27,11,3.1,1.4457,6.7758
28,11,5.3,1.1778,6.6519
29,12,24.95,21.481,26.646
30,12,24.7,22.075,26.257
31,12,24.75,22.74,26.336
32,12,25.25,22.964,26.656
33,12,25.65,22.214,26.817
34,12,27.45,24.078,28.57
35,12,28.583,24.886,29.664
36,12,28.69,24.592,29.74
37,12,29,26.029,30.212
38,12,29.15,25.897,30.375
39,12,29.35,25.837,30.484
40,12,28.85,25.962,30.389
41,13,24.925,23.491,26.197
42,13,24.275,23.29,25.559
43,13,24.925,24.064,26.343
44,13,24.65,23.725,25.891
45,13,24.775,23.918,26.069
46,13,25.025,24.119,26.21
47,13,25.275,24.319,26.352
48,13,28.325,27.393,29.498
49,13,29.725,28.775,30.854
50,13,30.525,29.514,31.643
51,13,30.475,29.516,31.591
52,13,30.3,29.287,31.437
53,13,30.125,29.057,31.283
54,13,29.975,28.784,30.838
55,13,29.725,28.69,30.797
56,13,28.925,27.892,29.921
57,13,24.925,23.743,25.891
58,13,23.85,22.68,24.871
59,13,22.775,21.617,23.851
60,13,22.275,21.236,23.378
61,13,21.375,20.247,22.422
62,14,11.85,9.88,13.031
63,14,15.425,13.798,16.566
64,14,15.425,13.798,16.566
65,14,16.525,14.719,17.565
66,14,18.975,17.825,20.438
67,14,18.625,17.568,20.224
68,14,18.275,17.311,20.01
69,14,18.175,17.083,20.079
70,14,16.725,15.758,18.313
71,14,10.225,8.6801,11.084
72,15,15.7,13.8,16.7
73,15,15.7,13.8,16.7
74,16,15.7,13.8,16.7
75,16,15.7,13.8,16.7
76,17,31.4,27.9,33.5
77,17,31.4,27.9,33.5
78,17,31.4,27.9,33.5
79,17,31.4,27.9,33.5
80,17,31.4,27.9,33.5
81,17,31.4,27.9,33.5
82,18,31.4,27.9,33.5
83,18,31.4,27.9,33.5
84,18,31.4,27.9,33.5
85,18,31.4,27.9,33.5
86,18,31.4,27.9,33.5
87,18,31.4,27.9,33.5
88,18,31.4,27.9,33.5
89,18,31.4,27.9,33.5
90,19,7.875,6.4996,9.3428
91,19,6.0417,4.8648,7.4823
92,19,3.175,2.337,5.1508
93,19,3.6417,2.4015,4.9375
94,19,4.475,3.356,5.807
95,19,5.275,4.1303,6.8346
96,19,5.075,3.8702,6.2961
97,19,4.4,3.1018,5.6095
98,20,0.25,0.10807,3.1826
99,20,0.38333,0.15313,3.6406
100,20,0.91667,0.52183,4.8698
101,20,0.88333,0.43803,5.187
102,20,1.5,0.7976,6.6031
103,21,0.225,0.079531,1.6174
104,21,0.225,0.079531,1.6174
105,22,0.0915,0.032148,0.16027
106,22,0.0915,0.032148,0.16027
107,23,0.45,0.16622,4.3824
108,23,0.75,0.31637,4.6037
109,23,1.05,0.46652,4.8249
110,24,0.65,0.29306,4.79
111,24,0.91667,0.4275,4.9418
112,24,0.35,0.10618,3.1546
113,25,0.9,0.31994,7.8384
114,25,0.8,0.28019,7.4255
115,25,0.7,0.24044,7.0126
116,26,0.35,0.14874,3.2479
117,26,0.35,0.11163,2.7719
118,27,0.25,0.1,0.5
119,27,0.25,0.1,0.5
120,27,0.25,0.1,0.5
121,28,0.53,0.17658,0.89803
122,28,0.55,0.19321,0.90335
123,29,0.45,0.19797,3.1927
124,29,0.45,0.16933,3.5621
125,29,0.35,0.127,3.5594
126,29,0.25,0.087873,3.4551
127,30,4.55,3.4693,7.1621
128,30,4.95,3.8904,7.6787
129,30,5.35,4.3115,8.1954
130,30,5.65,4.5822,7.9394
131,30,6.55,5.3838,9.7579
132,30,5.975,4.8741,7.626
133,30,5.975,4.8741,7.626
134,30,4.55,3.5688,6.7256
135,31,6.45,3.0873,7.8259
136,31,8.05,3.5183,9.0443
137,32,1.025,0.52727,3.3905
138,32,1.75,1.0113,3.9593
139,32,2.15,1.4086,4.4456
140,32,3.15,2.2231,5.2025
141,32,3.5875,2.6673,5.5464
142,32,3.4375,2.4892,5.4069
143,32,3.55,2.5351,6.0805
144,32,2.925,2.0242,4.6089
145,32,2.95,1.771,4.9435
146,33,0.47,0.16037,0.77809
147,33,0.43,0.137,0.75238
148,34,0.15,0.060268,2.6158
149,34,0.15,0.060268,2.6158
150,35,2.95,1.9433,5.7034
151,35,2.75,1.653,5.0291
152,36,0.5,0.1,1
153,36,0.5,0.1,1
154,36,0.5,0.1,1
155,36,0.5,0.1,1
156,36,0.5,0.1,1
157,37,0.33,0.092775,0.69742
158,37,0.39,0.12462,0.73403
159,37,0.43,0.16405,0.7786
160,37,0.345,0.11501,0.68176
161,37,0.385,0.21104,0.76036
162,38,0.45,0.18024,0.79359
163,38,0.49,0.18676,0.80252
164,39,0.55,0.20335,0.81796
165,39,0.454,0.16612,0.76714
166,39,0.45,0.17187,0.78117
167,40,0.675,0.22834,2.8289
168,40,0.375,0.16566,2.2917
169,40,0.525,0.226,2.5081
170,41,0.075,0.028376,1.3369
171,41,0.075,0.028376,1.3369
172,42,0.885,0.31533,1.661
173,42,0.195,0.074971,1.3771
174,42,0.52929,0.21813,1.6586
175,43,0.47,0.18835,0.79951
176,43,0.49667,0.18422,0.80159
177,43,0.48,0.1768,0.79633
178,44,0.49,0.21566,0.80648
179,44,0.39,0.1266,0.74118
180,45,0.61,0.23759,1.127
181,45,0.57,0.21425,1.1074
182,45,0.53,0.17448,1.0422
183,45,0.5575,0.17482,1.0837
184,46,0.825,0.3067,2.9349
185,46,0.85833,0.32905,2.7866
186,46,0.9125,0.39066,2.8766
187,47,0.825,0.31978,2.9657
188,47,0.825,0.31978,2.9657
189,48,8.3,7.1,9.5
190,48,4.05,3.2117,7.0028
191,48,4.05,3.2117,7.0028
192,48,4.35,3.4521,7.268
193,48,4.6,3.6654,7.3198
194,48,4.85,3.8788,7.3716
195,48,3.65,2.8423,6.3617
196,48,3.05,2.2071,5.7831
197,48,2.3,1.483,4.9309
198,48,1.55,0.75894,4.0786
199,48,1.35,0.68126,4.1393
200,48,1.35,0.68126,4.1393
201,49,4.625,3.7157,6.163
202,49,4.625,3.7157,6.163
203,49,4.375,3.4613,5.9812
204,49,4.125,3.2068,5.7994
205,50,0.63,0.25249,0.95715
206,50,0.57,0.20486,0.92134
207,50,0.5,0.18889,0.91796
208,50,0.43,0.14834,0.86929
209,50,0.47,0.17158,0.88904
210,51,0.575,0.40579,2.8209
211,51,0.575,0.40579,2.8209
212,51,0.6,0.44932,2.4953
213,51,0.625,0.49286,2.1697
214,51,0.35,0.26138,1.8145
215,51,0.075,0.029898,1.4592
216,52,2.3,1.7,2.9
217,52,2.3,1.7,2.9
218,53,1.95,1.1965,5.8008
219,53,1.6,0.92323,5.4109
220,53,1.25,0.64993,5.021
221,54,0.39,0.13393,0.75179
222,54,0.37667,0.11404,0.73525
223,54,0.37,0.10409,0.72698
224,55,0.55,0.19464,3.2602
225,55,0.55,0.19464,3.2602
226,56,0.555,0.15919,1.575
227,56,0.555,0.15919,1.575
228,57,0.25,0.086748,4.2134
229,57,0.25,0.082121,4.2665
230,57,0.3,0.096631,4.3732
231,57,0.325,0.10741,4.4489
232,57,0.25,0.089285,4.4357
233,58,3.225,2.4034,4.9357
234,58,3.6583,2.7604,5.4951
235,58,3.45,2.5679,5.4368
236,58,2.9,2.0648,4.8044
237,58,3.0625,2.1796,4.9996
238,58,3.35,2.4263,5.4894
239,58,4.425,3.4056,6.2514
240,58,5.55,4.4531,7.6337
241,58,7.05,5.835,9.3353
242,59,0.65,0.26072,4.3607
243,59,0.95,0.41269,4.7426
244,59,1.1,0.53134,4.6928
245,59,1.25,0.66886,4.5596
246,59,2.45,1.7611,6.02
247,59,4.65,3.7576,8.3709
248,59,5.2167,4.2475,8.8498
249,59,6.4,5.4913,10.075
250,59,6.85,5.9842,10.68
251,59,6.45,5.6593,10.372
252,60,1.4,0.6679,2.6908
253,60,1.4125,0.76551,2.5886
254,60,1.5917,0.89727,2.6908
255,60,1.4583,0.83952,2.5726
256,60,1.925,1.0943,2.8046
257,60,1.925,1.0912,2.8283
258,61,0.43,0.18345,0.80713
259,61,0.37,0.11622,0.7049
260,62,1.0583,0.42471,2.788
261,62,2.125,1.4133,4.1643
262,62,2.725,1.826,3.9498
263,62,2.3,1.5614,3.6793
264,62,1.875,1.2967,3.4088
265,62,2.725,1.7924,3.8135
266,62,2.65,1.7917,3.9512
267,62,1.8083,1.1326,3.3189
268,62,1,0.47982,2.292
269,63,0.7,0.3,1.1
270,63,0.7,0.3,1.1
271,63,0.7,0.3,1.1
272,63,0.7,0.3,1.1
273,63,0.7,0.3,1.1
274,63,0.7,0.3,1.1
275,63,0.7,0.3,1.1
276,63,0.7,0.3,1.1
277,63,0.7,0.3,1.1
278,64,0.7,0.3,1.1
279,64,0.7,0.3,1.1
280,64,0.7,0.3,1.1
281,64,0.7,0.3,1.1
282,64,0.7,0.3,1.1
283,64,0.7,0.3,1.1
284,64,0.7,0.3,1.1
285,64,0.7,0.3,1.1
286,64,0.7,0.3,1.1
287,64,0.7,0.3,1.1
288,64,0.7,0.3,1.1
289,64,0.7,0.3,1.1
290,64,0.7,0.3,1.1
291,64,0.7,0.3,1.1
292,64,0.7,0.3,1.1
293,64,0.7,0.3,1.1
294,64,0.7,0.3,1.1
295,64,0.7,0.3,1.1
296,64,0.7,0.3,1.1
297,64,0.7,0.3,1.1
298,64,0.7,0.3,1.1
299,64,0.7,0.3,1.1
300,64,0.7,0.3,1.1
301,64,0.7,0.3,1.1
302,64,0.7,0.3,1.1
303,64,0.7,0.3,1.1
304,64,0.7,0.3,1.1
305,64,0.7,0.3,1.1
306,65,0.8,0.3,1.3
307,65,0.8,0.3,1.3
308,65,0.8,0.3,1.3
309,65,0.8,0.3,1.3
310,65,0.8,0.3,1.3
311,65,0.8,0.3,1.3
312,65,0.8,0.3,1.3
313,65,0.8,0.3,1.3
314,65,0.8,0.3,1.3
315,65,0.8,0.3,1.3
316,65,0.8,0.3,1.3
317,66,0.7,0.3,1.1
318,66,0.7,0.3,1.1
319,66,0.7,0.3,1.1
320,66,0.7,0.3,1.1
321,66,0.7,0.3,1.1
322,66,0.7,0.3,1.1
323,66,0.7,0.3,1.1
324,66,0.7,0.3,1.1
325,66,0.7,0.3,1.1
326,66,0.7,0.3,1.1
327,67,0.7,0.3,1.1
328,67,0.7,0.3,1.1
329,67,0.7,0.3,1.1
330,67,0.7,0.3,1.1
331,67,0.7,0.3,1.1
332,67,0.7,0.3,1.1
333,67,0.7,0.3,1.1
334,67,0.7,0.3,1.1
335,67,0.7,0.3,1.1
336,67,0.7,0.3,1.1
337,67,0.7,0.3,1.1
338,67,0.7,0.3,1.1
339,67,0.7,0.3,1.1
340,67,0.7,0.3,1.1
341,67,0.7,0.3,1.1
342,67,0.7,0.3,1.1
343,67,0.7,0.3,1.1
344,67,0.7,0.3,1.1
345,68,0.5,0.1,0.9
346,68,0.5,0.1,0.9
347,68,0.5,0.1,0.9
348,68,0.5,0.1,0.9
349,68,0.5,0.1,0.9
350,68,0.5,0.1,0.9
351,68,0.5,0.1,0.9
352,68,0.5,0.1,0.9
353,68,0.5,0.1,0.9
354,68,0.5,0.1,0.9
355,68,0.5,0.1,0.9
356,68,0.5,0.1,0.9
357,68,0.5,0.1,0.9
358,68,0.5,0.1,0.9
359,68,0.5,0.1,0.9
360,68,0.5,0.1,0.9
361,69,0.8,0.3,1.3
362,69,0.8,0.3,1.3
363,69,0.8,0.3,1.3
364,69,0.8,0.3,1.3
365,69,0.8,0.3,1.3
366,69,0.8,0.3,1.3
367,69,0.8,0.3,1.3
368,69,0.8,0.3,1.3
369,69,0.8,0.3,1.3
370,69,0.8,0.3,1.3
371,69,0.8,0.3,1.3
372,69,0.8,0.3,1.3
373,69,0.8,0.3,1.3
374,69,0.8,0.3,1.3
375,69,0.8,0.3,1.3
376,69,0.8,0.3,1.3
377,69,0.8,0.3,1.3
378,69,0.8,0.3,1.3
379,70,0.7,0.3,1.1
380,70,0.7,0.3,1.1
381,70,0.7,0.3,1.1
382,70,0.7,0.3,1.1
383,70,0.7,0.3,1.1
384,70,0.7,0.3,1.1
385,70,0.7,0.3,1.1
386,70,0.7,0.3,1.1
387,70,0.7,0.3,1.1
388,70,0.7,0.3,1.1
389,70,0.7,0.3,1.1
390,70,0.7,0.3,1.1
391,70,0.7,0.3,1.1
392,71,0.8,0.3,1.3
393,71,0.8,0.3,1.3
394,71,0.8,0.3,1.3
395,71,0.8,0.3,1.3
396,71,0.8,0.3,1.3
397,71,0.8,0.3,1.3
398,71,0.8,0.3,1.3
399,71,0.8,0.3,1.3
400,72,0.37,0.099229,0.75898
401,72,0.29,0.073542,0.69283
402,73,0.585,0.1652,1.3524
403,73,0.405,0.12572,1.3334
404,73,0.345,0.11342,1.3768
405,74,2,0,10
406,74,2,0,10
407,74,2,0,10
408,74,2,0,10
409,74,2,0,10
410,74,2,0,10
411,75,0.4,0.2,0.6
412,75,0.4,0.2,0.6
413,76,3,1.5,4.5
414,76,3,1.5,4.5
415,76,3,1.5,4.5
416,77,0.37,0.13164,0.76593
417,77,0.362,0.09502,0.73862
418,77,0.36,0.091987,0.74213
419,77,0.33,0.1116,0.74629
420,78,1.5,0.79388,6.9938
421,78,1.4333,0.76736,6.7163
422,78,1.3,0.71433,6.1611
423,78,0.85,0.56383,4.9253
424,78,0.85,0.56383,4.9253
425,79,0.15,0.033409,2.9732
426,79,0.19,0.076252,2.8246
427,79,0.25,0.14052,2.6016
428,80,6.275,4.9261,7.5055
429,80,6.625,4.9433,7.8224
430,80,5.475,3.9673,6.9545
431,80,5.0417,3.5029,6.3926
432,80,3.875,2.5074,5.4376
433,81,1.4625,0.91983,3.754
434,81,1.6625,1.1598,3.9956
435,81,1.85,1.3665,4.4149
436,81,2.75,2.1787,5.319
437,81,2.75,2.1787,5.319
438,81,3.85,3.0613,6.1581
439,82,8.725,7.5764,10.485
440,82,8.525,7.469,9.9778
441,82,8.225,7.0884,9.5646
442,82,6.575,5.5252,8.4833
443,82,6.225,5.3117,7.7358
444,82,4.3583,3.5618,6.0782
445,82,2.125,1.3473,3.7989
446,83,1.095,0.61548,2.0786
447,83,1.085,0.46458,1.9605
448,83,1.075,0.31367,1.8425
449,84,1.185,0.5214,1.5746
450,84,1.185,0.5214,1.5746
451,85,0.7,0.30971,6.7373
452,85,0.7,0.30971,6.7373
453,86,4.9,3.3098,12.117
454,86,4.9,3.3098,12.117
455,87,0.65,0.41304,4.3605
456,87,0.65,0.41304,4.3605
457,88,0.725,0.29535,2.776
458,88,0.475,0.16875,2.1793
459,88,0.575,0.25658,2.5959
460,89,2,1,3
461,89,2,1,3
462,90,0.625,0.19843,2.2938
463,90,1.975,1.2077,3.5489
464,90,1.975,1.2077,3.5489
465,91,0.49,0.14933,0.77064
466,91,0.41,0.12835,0.74828
467,92,1.075,0.58891,3.3007
468,92,0.875,0.41184,3.1113
469,92,0.875,0.49071,3.1856
470,93,0.25,0.093967,4.0272
471,93,0.9,0.44618,5.6361
472,93,0.46667,0.21193,4.8186
473,93,0.25,0.094808,4.4098
474,94,0.43,0.16179,0.77427
475,94,0.51,0.20582,0.79798
476,94,0.48,0.19086,0.78903
477,94,0.51,0.1813,0.79844
478,95,2.625,1.6666,4.0714
479,95,3.0417,2.0028,4.577
480,95,3.125,2.0177,4.8728
481,96,0.525,0.38411,2.2986
482,96,0.225,0.075151,2.1358
483,96,0.325,0.17635,2.1861
484,96,0.6125,0.35942,2.6741
485,96,0.85,0.49188,3.1368
486,97,1.15,0.78825,3.6735
487,97,1.15,0.78825,3.6735
488,98,0.61667,0.23026,3.6568
489,98,0.8,0.37319,4.2733
490,98,1.15,0.56906,4.6984
491,98,1.05,0.49446,4.7314
492,99,0.095,0.019376,0.1
493,99,0.075,0.020221,0.093003
494,99,0.055,0.021066,0.086007
495,100,0.125,0.042166,2.0857
496,100,0.225,0.068771,2.3233
497,100,0.5375,0.19616,2.8196
498,100,0.8,0.32147,3.1262
499,100,0.85,0.346,3.1742
500,100,0.275,0.10221,2.4677
501,101,0.275,0.11362,2.0919
502,101,0.275,0.11362,2.0919
503,102,0.225,0.073196,2.3876
504,102,0.225,0.073196,2.3876
505,103,0.47,0.19335,0.808
506,103,0.49,0.19941,0.8235
507,104,0.44,0.16432,0.77657
508,104,0.48,0.17772,0.79028
509,104,0.49,0.1763,0.79704
510,105,0.95,0.38429,3.7612
511,105,0.45,0.16807,3.415
512,105,0.55,0.20252,3.5761
513,105,0.5,0.20803,3.433
514,106,3.015,2.1647,3.7298
515,106,3.015,2.1647,3.7298
516,106,3.035,2.2644,3.7999
517,106,3.075,2.4638,3.9401
518,106,3.075,2.4638,3.9401
519,107,1.85,1.4073,4.5601
520,107,1.7,1.2505,4.496
521,107,1.55,1.0936,4.4318
522,108,2.25,1.7003,4.6955
523,108,2.25,1.7003,4.6955
524,109,0.27,0.065891,0.71269
525,109,0.31,0.076977,0.71567
526,110,3.1833,2.1168,5.1166
527,110,3.0333,1.9685,4.8653
528,110,4.075,3.1741,6.7457
529,110,3.35,2.5538,5.5914
530,110,2.875,1.958,4.829
531,111,0.65,0.41423,3.4961
532,111,0.85,0.54707,3.9743
533,111,0.95,0.59363,4.0385
534,111,1,0.58716,4.3564
535,112,0.85,0.65723,1.3598
536,112,0.84167,0.557,1.3512
537,112,0.675,0.29395,1.2692
538,112,0.9375,0.45671,1.5134
539,113,0.415,0.23366,0.77145
540,113,0.4525,0.21469,0.77791
541,113,0.49,0.19572,0.78437
542,114,0.615,0.22707,1.3861
543,114,0.645,0.20474,1.4031
544,114,0.555,0.16055,1.315
545,114,0.575,0.16634,1.3503
546,114,0.54,0.1797,1.3665
547,114,0.495,0.19017,1.365
548,114,0.525,0.26523,1.4347
549,115,0.275,0.10017,2.6404
550,115,0.325,0.13478,2.9003
551,115,0.39,0.14734,2.9702
552,115,0.45,0.14022,2.88
553,116,0.65,0.25026,3.7588
554,116,1.25,0.84206,4.4539
555,116,1.55,0.86206,5.1603
556,116,1.75,1.0003,5.222
557,117,0.35,0.16534,3.4292
558,117,0.45,0.20884,4.0047
559,118,0.25,0.07706,3.4784
560,118,0.15,0.052783,3.6458
561,118,0.15,0.049124,3.1719
562,119,0.68333,0.31747,4.1966
563,119,0.4,0.15237,3.7073
564,120,0.3,0.1,0.5
565,120,0.3,0.1,0.5
566,120,0.3,0.1,0.5
567,120,0.3,0.1,0.5
568,120,0.3,0.1,0.5
569,120,0.3,0.1,0.5
570,121,0.46,0.17849,0.80054
571,121,0.46,0.17849,0.80138
572,121,0.43,0.15669,0.77227
573,121,0.43,0.14929,0.76149
574,122,0.75,0.26461,1.8749
575,122,0.60833,0.22808,1.8025
576,122,0.5,0.1806,1.7362
577,122,0.575,0.22742,1.7484
578,122,0.675,0.2756,1.8073
579,122,0.58,0.22455,1.7162
580,122,0.655,0.27694,1.7561
581,122,0.80833,0.34023,1.8659
582,122,0.825,0.31506,1.8369
583,122,0.725,0.35099,1.918
584,123,3.1,2.0563,4.9658
585,123,2.475,1.533,4.404
586,123,2.4917,1.6282,4.5908
587,123,2.75,1.8612,4.8653
588,123,2.95,2.1218,5.1579
589,123,3.05,1.9923,5.2714
590,123,3.05,2.0703,5.4055
591,123,2.85,1.8037,5.2359
592,124,0.725,0.40682,2.4729
593,124,0.9,0.46063,2.6346
594,124,0.9375,0.48761,2.4931
595,124,1.075,0.53795,2.418
596,125,0.9,0.20531,7.802
597,125,0.9,0.27057,7.1991
598,125,0.725,0.29441,5.3807
599,125,0.55,0.18772,4.7681
600,126,0.25,0.084163,3.6057
601,126,0.35,0.1161,3.8377
602,126,0.45,0.14804,4.0697
603,127,0.785,0.25337,1.4286
604,127,0.885,0.3115,1.5193
605,128,0.43,0.16136,0.78597
606,128,0.47,0.16186,0.78045
607,128,0.47,0.16995,0.79103
608,129,0.49,0.20161,0.81103
609,129,0.43667,0.17588,0.76286
610,129,0.44333,0.17503,0.77369
611,129,0.49667,0.20464,0.81575
612,130,0.41,0.1421,0.76501
613,130,0.374,0.11244,0.73717
614,130,0.35,0.092672,0.7186
615,131,1.05,0.49795,3.3767
616,131,1.1833,0.55563,3.4626
617,131,0.75,0.32549,3.5288
618,132,0.71,0.1167,0.71918
619,132,0.71,0.1167,0.71918
620,133,0.37,0.13945,0.78188
621,133,0.35,0.11403,0.72824
622,134,0.365,0.11261,0.65955
623,134,0.355,0.097306,0.67583
624,134,0.33667,0.10351,0.69632
625,135,0.525,0.20238,2.5024
626,135,0.525,0.20082,2.4416
627,135,0.325,0.11251,2.2717
628,136,0.7,0.28757,8.2881
629,136,0.7,0.28757,8.2881
630,137,0.425,0.16474,2.4244
631,137,0.375,0.11883,2.3947
632,137,0.425,0.15535,2.6435
633,137,0.45,0.17361,2.7679
634,138,3.875,2.831,5.6842
635,138,3.875,2.831,5.6842
636,138,3.875,2.831,5.6842
637,138,3.875,2.831,5.6842
638,138,3.875,2.831,5.6842
639,138,3.725,2.7122,5.3705
640,138,3.725,2.7122,5.3705
641,138,3.725,2.7122,5.3705
642,138,3.725,2.7122,5.3705
643,138,3.725,2.7122,5.3705
644,138,3.725,2.7122,5.3705
645,139,0.56,0.23709,0.84815
646,139,0.43,0.15962,0.75351
647,139,0.37,0.11885,0.704
648,140,1.75,0.98406,5.0115
649,140,2.05,1.3264,5.3203
650,140,2.05,1.3264,5.3203
651,140,2.45,1.6543,5.2673
652,140,2.25,1.5276,5.8217
653,141,2.525,1.8403,4.2253
654,141,2.225,1.2983,3.8129
655,141,3.275,2.2882,4.81
656,141,2.175,1.2794,4.0532
657,141,0.3,0.1,0.6
658,141,0.3,0.1,0.6
659,141,0.3,0.1,0.6
660,142,0.63,0.23269,1.1321
661,142,0.43,0.13793,1.0189
662,142,0.59,0.19205,1.0951
663,142,0.6,0.21566,1.1157
664,142,0.64333,0.25165,1.139
665,142,0.76,0.31735,1.1982
666,143,0.346,0.10607,0.73418
667,143,0.306,0.083803,0.71956
668,144,0.35,0.1565,3.8405
669,144,0.35,0.1565,3.8405
670,145,0.75,0.26853,3.3166
671,145,0.75,0.26853,3.3166
672,146,0.525,0.18947,2.8453
673,146,0.525,0.18947,2.8453
674,147,1.7,0.93793,8.3139
675,147,1.4,0.74225,6.8327
676,147,1.3,0.59509,7.0213
677,148,0.41667,0.13459,0.75107
678,148,0.42333,0.13821,0.75902
679,148,0.35,0.091632,0.724
680,149,0.725,0.28672,2.7672
681,149,0.64167,0.26407,2.6775
682,149,0.475,0.21875,2.4983
683,149,0.175,0.075103,2.0639
684,149,0.175,0.075103,2.0639
685,150,0.49667,0.18894,0.80475
686,150,0.52,0.21108,0.82488
687,150,0.51,0.19342,0.8119
688,150,0.45,0.16613,0.77559
689,150,0.33,0.093796,0.70703
690,150,0.35,0.088821,0.72573
691,151,0.625,0.28592,1.9941
692,151,0.675,0.28753,2.0041
693,152,0.575,0.22364,2.1067
694,152,1.425,0.94102,2.7565
695,152,1.5,1.0569,2.7099
696,152,1.65,1.1869,2.7096
697,152,1.785,1.1498,2.5064
698,152,1.765,1.1986,2.5023
699,152,1.945,1.3423,2.7416
700,152,2.735,1.7621,3.3441
701,152,2.6475,1.807,3.2684
702,152,1.185,0.69671,2.5012
703,152,0.25,0.068451,1.856
704,152,0.18125,0.052451,2.1255
705,152,0.075,0.016024,1.5288
706,153,0.48,0.1832,0.79807
707,153,0.45,0.17097,0.77302
708,153,0.4,0.15278,0.75363
709,153,0.48,0.20602,0.80635
710,153,0.55,0.23507,0.84222
711,154,2.45,1.4159,4.973
712,154,2.75,1.7478,5.4864
713,154,2.75,1.7133,5.5053
714,155,0.85,0.4658,5.1254
715,155,0.85,0.4658,5.1254
716,155,0.55,0.16451,3.9119
717,155,0.65,0.23001,3.7779
718,155,0.65,0.23001,3.7779
719,156,8.7625,7.2241,10.372
720,156,9.3583,8.0453,11.284
721,156,10.825,9.1495,12.299
722,156,10.925,9.3557,12.433
723,156,11.025,9.5619,12.567
724,156,11.65,10.583,14.048
725,156,11.95,10.249,13.516
726,157,2.95,2.5234,5.9691
727,157,2.95,2.5234,5.9691
728,157,2.95,2.5234,5.9691
729,157,2.95,2.5234,5.9691
730,157,2.95,2.5234,5.9691
731,157,2.95,2.5234,5.9691
732,157,2.95,2.5234,5.9691
733,158,6.15,4.8906,8.2265
734,158,5.875,4.5319,7.5814
735,159,0.95,0.68512,3.2983
736,159,0.95,0.68512,3.2983
737,160,2.45,1.7832,5.3621
738,160,1.25,0.77048,3.9414
739,160,1.95,1.2525,4.7385
740,160,2.65,1.7346,5.5356
741,160,2.45,1.6923,5.8818
742,161,13.95,12.152,15.474
743,161,13.95,12.152,15.474
744,162,6.05,4.6075,8.4903
745,162,6.05,4.6075,8.4903
746,163,10.15,8.5174,13.276
747,163,7.25,5.2032,9.6226
748,163,7.25,5.2032,9.6226
749,163,7.35,5.1141,9.2835
750,164,3.475,2.4056,4.7112
751,164,3.175,2.1775,4.2794
752,164,2.875,1.9493,3.8475
753,164,2.475,1.6579,3.5288
754,164,2.075,1.3664,3.21
755,164,2.075,1.3664,3.21
756,164,2.075,1.3664,3.21
757,165,1.35,0.8207,5.0057
758,165,1.35,0.8207,5.0057
759,165,3.35,2.6037,7.3213
760,165,3.95,3.0125,8.0689
761,165,3.95,3.0125,8.0689
762,165,4.85,3.947,8.1323
763,165,4.85,3.947,8.1323
764,166,1.175,0.51269,2.4407
765,166,2.15,1.3897,3.2087
766,166,2.525,1.6761,3.5099
767,166,1.7,0.857,2.8117
768,166,1.625,0.70914,2.7686
769,167,1.725,1.0389,3.4934
770,167,2,1.2498,3.8885
771,167,2.1,1.3211,3.8654
772,167,2.4,1.5778,4.1448
773,167,2.225,1.4539,4.2154
774,168,0.43,0.15236,0.7729
775,168,0.46,0.15995,0.77973
776,168,0.44,0.15361,0.77603
777,169,3,1,5
778,169,3,1,5
779,169,3,1,5
780,169,3,1,5
781,169,3,1,5
782,169,3,1,5
783,170,0.5,0.1,1
784,170,0.5,0.1,1
785,170,0.5,0.1,1
786,170,0.5,0.1,1
787,170,2.025,1.3103,4.0288
788,170,3.2,2.1804,6.5731
789,170,1.25,0.59062,4.461
790,171,1.95,1.1491,4.6796
791,171,1.65,0.93778,3.8419
792,171,1.85,1.0888,4.4214
793,171,2.15,1.1323,5.1275
794,172,1.3717,0.65021,2.3044
795,172,1.7917,0.9281,2.6755
796,172,1.525,0.77849,2.4943
797,172,1.525,0.77514,2.4074
798,172,1.6,0.81594,2.4173
799,173,0.55,0.19669,1.8014
800,173,0.45,0.17942,1.7604
801,173,0.375,0.16036,1.7593
802,173,0.275,0.11585,1.7354
803,173,0.425,0.14125,1.769
804,173,0.425,0.12784,1.7103
805,174,1.69,1.2397,4.6272
806,174,1.49,1.093,4.0085
807,175,0.925,0.45066,2.7118
808,175,1.2,0.73775,2.9905
809,175,1.025,0.57832,2.9051
810,175,0.84167,0.45656,2.7157
811,175,0.6,0.29495,2.4455
812,175,0.65833,0.29393,2.6836
813,175,0.8375,0.35138,3.0599
814,176,0.595,0.25084,0.7754
815,176,0.65333,0.30272,0.88097
816,176,0.69,0.32858,0.92058
817,177,0.825,0.32343,2.0711
818,177,0.8875,0.38956,2.0601
819,177,0.925,0.36503,2.0645
820,177,0.875,0.30793,2.0742
821,178,0.63,0.22642,1.1334
822,178,0.73,0.25318,1.1908
823,179,0.75,0.27744,4.0304
824,179,0.75,0.27744,4.0304
825,180,0.975,0.47037,3.0892
826,180,1.0417,0.50187,3.204
827,180,1.075,0.51762,3.2613
828,181,0.5,0.1702,2.5349
829,181,0.575,0.19342,2.5842
830,182,0.625,0.33206,2.8083
831,182,0.65,0.34447,2.7614
832,182,0.875,0.41973,3.0405
833,182,0.7875,0.35469,3.0225
834,183,2.95,2.1096,6.3288
835,183,3.6,2.86,6.463
836,184,0.35,0.1,0.6
837,184,0.35,0.1,0.6
838,184,0.35,0.1,0.6
839,184,0.35,0.1,0.6
840,184,0.35,0.1,0.6
841,184,1.1187,0.71104,1.5722
842,184,3.675,2.7595,4.6644
843,184,3.475,2.4684,4.4209
844,184,3.025,1.962,4.002
845,185,3.475,2.6213,4.6067
846,185,3.475,2.6213,4.6067
847,185,3.325,2.415,4.2524
848,185,3.325,2.415,4.2524
849,186,0.47,0.14955,0.77482
850,186,0.47,0.14955,0.77482
851,187,0.775,0.38041,3.1389
852,187,0.775,0.38041,3.1389
853,187,0.775,0.38041,3.1389
854,187,1.85,1.0856,4.8727
855,187,1.85,1.0856,4.8727
856,188,0.55,0.20508,3.5267
857,188,0.75,0.29916,3.8329
858,188,0.85,0.3462,3.986
859,189,0.55,0.21576,5.2822
860,189,0.8,0.29701,4.8312
861,190,0.95,0.37052,4.5608
862,190,0.95,0.41431,5.1827
863,190,0.95,0.41431,5.1827
864,190,0.55,0.20782,4.756
865,191,0.65,0.36753,3.3549
866,191,0.88333,0.4352,4.4257
867,192,1.35,0.62739,4.696
868,192,1,0.46318,4.4166
869,192,1.55,0.764,5.5748
870,193,3.625,2.0543,4.9113
871,193,4.125,2.4709,5.3474
872,193,5.15,3.4946,6.3425
873,193,5.85,4.1859,6.9601
874,193,4.8375,3.2819,6.1135
875,194,0.325,0.11531,2.4435
876,194,0.325,0.11531,2.4435
877,194,0.49167,0.2345,2.6007
878,194,0.575,0.29409,2.6793
879,194,0.575,0.29409,2.6793
880,195,0.35,0.10673,3.4824
881,195,0.2125,0.070667,2.782
882,195,0.2125,0.074558,2.6584
883,195,0.25,0.093203,2.8651
884,195,0.35,0.11109,3.3358
885,196,4.7875,3.6162,6.9262
886,196,5.95,4.5888,8.315
887,196,6.85,5.1815,8.8981
888,197,3,1,4
889,197,3,1,4
890,197,3,1,4
891,197,3,1,4
892,197,3,1,4
893,197,3,1,4
894,197,3,1,4
895,197,3,1,4
896,197,3,1,4
897,197,3,1,4
898,197,3,1,4
899,197,3,1,4
900,197,3,1,4
901,198,5.225,4.7105,6.7022
902,198,5.225,4.7105,6.7022
903,198,6.8,6.0889,8.1741
904,198,8.375,7.4673,9.646
905,198,8.375,7.4673,9.646
906,198,10.325,9.3612,11.472
907,198,10.325,9.3612,11.472
908,198,11.525,10.509,13.06
909,198,11.525,10.509,13.06
910,198,11.575,10.652,12.986
911,198,11.575,10.652,12.986
912,198,11.4,10.251,12.603
913,198,11.225,9.8496,12.22
914,199,1.035,0.45117,1.5677
915,199,1.275,0.61577,1.7367
916,199,1.275,0.61577,1.7367
917,199,0.855,0.44658,1.5142
918,200,0.875,0.43273,2.1096
919,200,0.875,0.43273,2.1096
920,201,0.63,0.18997,1.0205
921,201,0.77,0.36449,1.1971
922,202,1.335,0.60803,1.9152
923,202,1.335,0.60803,1.9152
924,203,0.85,0.45481,3.6823
925,203,1.05,0.5911,4.0925
926,203,1.25,0.72739,4.5027
927,204,1.15,0.5255,3.8156
928,204,1.55,0.8394,4.2863
929,204,0.55,0.22464,3.1877
930,204,0.475,0.18961,2.7223
931,205,2.375,1.4293,3.343
932,205,2.975,1.9355,3.7118
933,206,0.35,0.14854,4.9243
934,206,0.7,0.38167,5.5306
935,206,0.7,0.38167,5.5306
936,206,0.7,0.24449,5.538
937,206,0.7,0.29974,5.5654
938,206,0.7,0.35499,5.5929
939,207,0.65,0.25721,5.1665
940,207,0.65,0.25721,5.1665
941,208,1.32,0.65082,1.9962
942,208,1.35,0.69424,1.987
943,208,1.245,0.62611,1.9853
944,209,0.125,0.040411,1.5307
945,209,0.125,0.042065,1.5633
946,209,0.125,0.045371,1.6285
947,210,0.275,0.083195,2.3546
948,210,0.44,0.15167,2.7963
949,210,0.55,0.19733,3.0908
950,211,1.725,0.97103,3.3096
951,211,1.485,0.75999,3.0017
952,211,1.2821,0.60227,2.8775
953,211,1.075,0.50041,2.9042
954,212,1.125,0.5732,3.234
955,212,1.0125,0.42771,3.1219
956,213,2.15,1.3127,3.2959
957,213,2.4,1.4676,3.3602
958,213,2.6,1.5374,3.5595
959,213,2.575,1.5016,3.5988
960,213,2.975,1.8516,3.8964
961,213,2.9,1.7906,3.6799
962,213,2.925,1.7716,3.7251
963,213,2.1625,1.203,3.1898
964,213,1.975,1.1222,3.2253
965,213,1.425,0.77191,2.9675
966,213,0.825,0.33512,2.5144
967,214,3.225,2.4642,3.8504
968,214,2.975,2.1061,3.939
969,214,2.425,1.4311,3.5246
970,214,1.7,0.89069,3.1177
971,214,1.05,0.4779,2.6812
972,215,1.325,0.69687,2.3995
973,215,1.575,0.91172,2.7201
974,215,1.3083,0.73995,2.451
975,215,1.25,0.66451,2.3893
976,215,1.325,0.67494,2.4621
977,216,0.1525,0.050304,0.24255
978,216,0.1575,0.058705,0.25207
979,217,0.25,0.090596,3.9807
980,217,1.1,0.5049,6.4079
981,217,0.925,0.44027,5.8305
982,217,0.75,0.37564,5.2532
983,217,0.45,0.19782,5.5002
984,217,0.3,0.10891,5.6237
985,218,0.35,0.10992,4.8431
986,218,1.0833,0.61134,5.2651
987,218,0.81667,0.36836,5.1519
988,218,0.35,0.12138,2.9054
989,218,0.4,0.13476,3.0536
990,218,0.45,0.14814,3.2018
991,218,0.45,0.20019,4.0786
992,218,0.45,0.17524,3.8002
993,218,0.45,0.15028,3.5217
994,219,0.25,0.072178,2.7722
995,219,0.3125,0.13288,2.6576
996,219,0.375,0.19358,2.5429
997,219,0.55,0.31452,2.9254
998,220,0.39,0.12815,0.74831
999,220,0.47,0.16606,0.79254
1000,221,0.375,0.12036,2.1887
1001,221,0.375,0.12036,2.1887
1002,222,1.125,0.48005,2.4661
1003,222,1.125,0.48005,2.4661
1004,223,0.825,0.40011,2.3103
1005,223,0.825,0.40011,2.3103
1006,224,0.4125,0.1702,2.7292
1007,224,0.36667,0.14618,2.6127
1008,224,0.325,0.11367,2.5412
1009,225,2.925,2.0592,5.4649
1010,225,3.25,2.4388,5.8008
1011,225,1.3167,0.75342,3.9307
1012,225,0.65,0.22937,3.0888
1013,226,0.275,0.10471,2.6003
1014,226,0.825,0.34567,2.8918
1015,226,1.025,0.4648,2.9907
1016,226,0.425,0.14385,2.6116
1017,227,0.35,0.14867,3.0701
1018,227,1.25,0.62336,4.4822
1019,228,0.325,0.1014,1.796
1020,228,0.325,0.093014,1.7665
1021,229,0.47,0.16059,0.7916
1022,229,0.48333,0.17545,0.79304
1023,229,0.53,0.2471,0.83584
1024,230,0.565,0.3147,0.86092
1025,230,0.33,0.088855,0.68429
1026,230,0.4,0.12827,0.74626
1027,231,0.494,0.175,0.79251
1028,231,0.45,0.16887,0.78338
1029,231,0.47,0.17606,0.79345
1030,232,1.45,0.73314,4.9617
1031,232,1.15,0.5967,4.3157
1032,232,1.6833,0.96693,4.7002
1033,232,2.025,1.2354,4.9208
1034,232,1.65,1.0367,4.7127
1035,233,0.39,0.12635,0.74536
1036,233,0.39,0.14727,0.77747
1037,233,0.39,0.11529,0.741
1038,234,1.095,0.47276,1.8517
1039,234,2.475,1.548,2.8171
1040,234,2.475,1.548,2.8171
1041,234,2.225,1.2054,2.7532
1042,235,0.525,0.22165,2.5453
1043,235,0.625,0.24876,2.6476
1044,236,1.925,1.2271,3.8026
1045,236,1.8,1.0231,3.5431
1046,236,1.95,1.0494,3.6557
1047,236,2.2125,1.1815,3.9191
1048,237,2.5583,1.5889,4.4853
1049,237,2.255,1.3495,4.3171
1050,237,1.725,0.91301,3.8766
1051,237,0.875,0.3373,3.0729
1052,238,2.475,1.5549,4.2129
1053,238,3.4,2.2986,4.5743
1054,238,3.525,2.4066,4.7351
1055,238,3.8083,2.5974,5.0158
1056,238,4.065,2.9689,5.4486
1057,238,3.625,2.4639,5.0752
1058,239,0.75,0.5,1.15
1059,239,0.75,0.5,1.15
1060,239,0.75,0.5,1.15
1061,239,0.75,0.5,1.15
1062,239,0.75,0.5,1.15
1063,240,2.5,1.5,3.5
1064,240,2.5,1.5,3.5
1065,240,2.5,1.5,3.5
1066,240,2.5,1.5,3.5
1067,240,2.5,1.5,3.5
1068,240,2.5,1.5,3.5
1069,240,2.5,1.5,3.5
1070,240,2.5,1.5,3.5
1071,240,2.5,1.5,3.5
1072,240,2.5,1.5,3.5
1073,240,2.5,1.5,3.5
1074,240,2.5,1.5,3.5
1075,240,2.5,1.5,3.5
1076,241,0.55,0.18342,3.7018
1077,241,0.55,0.16714,3.6982
1078,241,0.55,0.15085,3.6946
1079,242,0.25,0.07288,3.4245
1080,242,0.25,0.095498,4.5748
1081,243,0.45,0.18027,4.5026
1082,243,0.45,0.1644,4.4611
1083,243,0.45,0.15381,4.4335
1084,244,0.25,0.10199,3.0213
1085,244,0.25,0.10199,3.0213
1086,244,0.25,0.10199,3.0213
1087,244,0.25,0.10199,3.0213
1088,244,0.25,0.10199,3.0213
1089,244,0.25,0.091972,2.9693
1090,244,0.25,0.071933,2.8653
1091,245,1.3,0.63925,3.8567
1092,245,1.45,0.80149,3.9409
1093,245,1.55,0.79849,4.3699
1094,246,1.665,1.3321,2.8544
1095,246,1.665,1.3321,2.8544
1096,246,2.725,2.0895,3.8861
1097,246,2.725,2.0895,3.8861
1098,247,0.1575,0.058309,0.30921
1099,247,0.1575,0.058309,0.30921
1100,248,0.45,0.13763,0.92427
1101,248,0.45,0.13763,0.92427
1102,249,1.095,0.40141,1.5237
1103,249,0.465,0.17823,1.0783
1104,250,0.3,0.1,0.5
1105,250,0.3,0.1,0.5
1106,251,1,0.5,1.5
1107,251,1,0.5,1.5
1108,251,1,0.5,1.5
1109,252,0.3,0.1,0.5
1110,252,0.3,0.1,0.5
1111,252,0.3,0.1,0.5
1112,252,0.3,0.1,0.5
1113,253,0.5,0.1,0.8
1114,253,0.5,0.1,0.8
1115,253,0.5,0.1,0.8
1116,254,0.28,0.05,0.5
1117,254,0.28,0.05,0.5
1118,255,0.735,0.30617,1.4083
1119,255,0.405,0.16004,1.2813
1120,255,0.315,0.14491,1.2425
1121,256,1.4,0.67402,4.6521
1122,256,1.15,0.58136,4.3887
1123,256,1.2833,0.67993,4.7931
1124,256,1.3,0.62225,4.8315
1125,257,0.725,0.38397,2.6865
1126,257,0.875,0.48251,2.8424
1127,257,0.725,0.39601,2.5094
1128,257,0.575,0.30952,2.1765
1129,258,0.15,0.069485,2.6315
1130,258,0.15,0.069485,2.6315
1131,258,0.35,0.12057,3.634
1132,258,0.45,0.1816,4.2875
1133,258,0.475,0.17933,4.5759
1134,258,0.5,0.17706,4.8642
1135,258,0.425,0.15931,4.2788
1136,258,0.35,0.14157,3.6934
1137,259,0.525,0.20468,2.5359
1138,259,0.675,0.34308,2.4258
1139,259,0.675,0.34308,2.4258
1140,260,4.375,3.3056,6.0419
1141,260,4.375,3.3056,6.0419
1142,260,4.375,3.3056,6.0419
1143,260,4.875,3.8978,6.6444
1144,260,4.875,3.8978,6.6444
1145,260,4.875,3.8978,6.6444
1146,260,7.45,6.0101,9.2547
1147,260,7.45,6.0101,9.2547
1148,261,0.685,0.24247,2.5881
1149,261,0.325,0.11418,2.0519
1150,261,0.875,0.47247,2.9787
1151,262,0.47,0.15681,0.89252
1152,262,0.44,0.13642,0.86515
1153,262,0.46,0.14219,0.87866
1154,263,0.485,0.18719,0.78904
1155,263,0.46,0.17035,0.78436
1156,263,0.43,0.17147,0.78852
1157,264,0.73,0.29012,0.90625
1158,264,0.66,0.27951,0.88211
1159,264,0.64333,0.26056,0.90648
1160,265,0.515,0.20792,0.82578
1161,265,0.55,0.20796,0.81802
1162,265,0.53,0.21299,0.83177
1163,266,0.63,0.25206,0.88431
1164,266,0.62,0.24971,0.88567
1165,266,0.59,0.22578,0.8643
1166,266,0.57,0.24876,0.86778
1167,267,0.4,0.2,0.6
1168,267,0.4,0.2,0.6
1169,267,0.4,0.2,0.6
1170,267,0.4,0.2,0.6
1171,267,0.4,0.2,0.6
1172,267,0.4,0.2,0.6
1173,267,0.4,0.2,0.6
1174,267,0.4,0.2,0.6
1175,267,0.4,0.2,0.6
1176,267,0.4,0.2,0.6
1177,267,0.4,0.2,0.6
1178,267,0.4,0.2,0.6
1179,267,0.4,0.2,0.6
1180,267,0.4,0.2,0.6
1181,267,0.4,0.2,0.6
1182,267,0.4,0.2,0.6
1183,267,0.4,0.2,0.6
1184,267,0.4,0.2,0.6
1185,268,2.55,1.4807,5.1752
1186,268,2.65,1.5537,5.1747
1187,268,3.65,2.4556,6.0252
1188,268,3.05,2.1359,5.8303
1189,268,2.3167,1.3469,5.2637
1190,269,6.05,3.0795,7.3131
1191,269,5.8167,2.7936,6.9731
1192,269,5.6,2.6507,6.8463
1193,269,5.7,3.2292,6.8361
1194,269,5.8,3.4903,7.0307
1195,269,6.0167,3.8315,7.2579
1196,269,5.8833,3.3661,7.1494
1197,269,5.7,3.3209,6.9113
1198,269,5.55,3.1777,6.6212
1199,269,4.95,2.8643,6.4815
1200,270,2.475,1.4967,3.8322
1201,270,2.475,1.4967,3.8322
1202,270,2.325,1.495,3.7205
1203,270,2.325,1.495,3.7205
1204,271,1.675,0.96663,2.9105
1205,271,1.675,0.96663,2.9105
1206,271,0.875,0.45908,2.1315
1207,271,0.875,0.45908,2.1315
1208,272,3.1,2.07,5.9911
1209,272,3.05,2.0083,5.5713
1210,272,2.7167,1.6981,5.3037
1211,273,0.475,0.21402,0.65018
1212,273,0.44,0.17264,0.62976
1213,273,0.425,0.14375,0.61533
1214,273,0.425,0.16559,0.6165
1215,273,0.445,0.18804,0.62148
1216,273,0.415,0.17092,0.60668
1217,273,0.385,0.15381,0.59187
1218,273,0.335,0.1104,0.55171
1219,273,0.375,0.11196,0.55394
1220,274,0.485,0.1751,0.64773
1221,274,0.435,0.17553,0.64018
1222,274,0.435,0.17661,0.63352
1223,274,0.445,0.17336,0.62099
1224,274,0.43,0.16741,0.61319
1225,275,1.59,0.82367,2.1353
1226,275,1.53,0.83828,2.0572
1227,275,1.515,0.81092,2.0629
1228,275,1.545,0.782,2.0738
1229,276,0.98333,0.45832,3.7188
1230,276,0.78333,0.3565,3.4991
1231,277,0.875,0.31348,2.6524
1232,277,0.8,0.29541,2.6126
1233,277,0.725,0.27739,2.4268
1234,278,2.025,1.0323,3.6176
1235,278,1.425,0.67223,3.114
1236,279,0.2025,0.078873,0.33695
1237,279,0.2475,0.094619,0.34821
1238,280,2,1,3
1239,280,2,1,3
1240,280,2,1,3
1241,280,2,1,3
1242,280,2,1,3
1243,280,2,1,3
1244,280,2,1,3
1245,280,2,1,3
1246,280,2,1,3
1247,280,2,1,3
1248,280,2,1,3
1249,280,2,1,3
1250,280,2,1,3
1251,281,1,0.5,1.5
1252,281,1,0.5,1.5
1253,281,1,0.5,1.5
1254,281,1,0.5,1.5
1255,281,1,0.5,1.5
1256,281,1,0.5,1.5
1257,282,1.5,1,2
1258,282,1.5,1,2
1259,282,1.5,1,2
1260,282,1.5,1,2
1261,282,1.5,1,2
1262,282,1.5,1,2
1263,282,1.5,1,2
1264,283,1.225,0.61165,2.7037
1265,283,1,0.44603,2.6155
1266,283,0.875,0.3261,2.6012
1267,284,0.915,0.37076,1.4735
1268,284,0.765,0.27325,1.3316
1269,284,0.75,0.24735,1.3317
1270,284,0.735,0.22144,1.3318
1271,284,0.765,0.29215,1.3593
1272,284,0.765,0.29215,1.3593
1273,284,0.825,0.33487,1.4041
1274,284,0.885,0.37758,1.4489
1275,285,0.375,0.17013,2.0408
1276,285,0.325,0.11689,1.9468
1277,286,3.6,2.5635,6.0887
1278,286,5.025,3.904,7.6412
1279,287,0.625,0.34158,2.5223
1280,287,0.625,0.34158,2.5223
1281,288,0.5,0.19767,2.5618
1282,288,0.45,0.18081,2.4136
1283,289,0.43,0.16319,0.77685
1284,289,0.43,0.15034,0.7628
1285,289,0.43,0.17042,0.79528
1286,290,0.44,0.15562,0.75796
1287,290,0.47,0.17763,0.78388
1288,290,0.45,0.16636,0.7764
1289,291,1.075,0.49178,2.9708
1290,291,0.975,0.37573,2.7004
1291,291,0.625,0.28446,2.2564
1292,292,0.775,0.2978,2.4289
1293,292,0.925,0.42867,2.7064
1294,292,1.175,0.43736,2.7577
1295,293,1.75,1.3263,4.8394
1296,293,2.35,1.6973,5.5572
1297,293,2.9,2.1707,6.1505
1298,293,2.85,2.2732,6.0261
1299,293,3.15,2.3873,7.7346
1300,294,1.1,0.50505,3.077
1301,294,0.525,0.1815,2.2884
1302,295,1.8583,1.0128,3.0954
1303,295,1.5917,0.76796,2.7545
1304,295,1.5,0.78521,2.7729
1305,296,2.25,1.7,2.8
1306,296,2.25,1.7,2.8
1307,296,2.25,1.7,2.8
1308,297,1.95,1.45,2.45
1309,297,1.95,1.45,2.45
1310,298,0.39,0.13831,0.76987
1311,298,0.41,0.14152,0.74841
1312,299,0.825,0.32842,1.5236
1313,299,0.825,0.32842,1.5236
1314,300,0.225,0.090358,1.9505
1315,300,0.375,0.19531,2.0234
1316,300,0.35833,0.16352,1.9369
1317,301,0.45,0.15583,3.1085
1318,301,0.45,0.15583,3.1085
1319,302,0.405,0.12539,1.2833
1320,302,0.675,0.25059,1.4466
1321,303,0.345,0.13132,1.2658
1322,303,0.585,0.22988,1.4957
1323,304,0.26,0.02,0.5
1324,304,0.26,0.02,0.5
1325,304,0.26,0.02,0.5
1326,304,0.26,0.02,0.5
1327,304,0.26,0.02,0.5
1328,304,0.26,0.02,0.5
1329,305,0.215,0.08,0.35
1330,305,0.215,0.08,0.35
1331,305,0.215,0.08,0.35
1332,305,0.215,0.08,0.35
1333,305,0.215,0.08,0.35
1334,306,0.215,0.08,0.35
1335,306,0.215,0.08,0.35
1336,306,0.215,0.08,0.35
1337,306,0.215,0.08,0.35
1338,306,0.215,0.08,0.35
1339,306,0.215,0.08,0.35
1340,306,0.215,0.08,0.35
1341,307,0.8375,0.43538,3.0331
1342,307,3.75,2.8123,5.9479
1343,307,3.6667,2.5931,5.4972
1344,307,3.825,3.011,5.7368
1345,307,4.175,3.3276,5.7206
1346,307,3.3417,2.2221,4.5926
1347,308,0.51,0.14729,0.94118
1348,308,0.29,0.096263,0.94731
1349,308,0.4,0.098574,0.96003
1350,308,0.51,0.10089,0.97275
1351,308,0.51,0.10089,0.97275
1352,308,0.51,0.12855,0.97774
1353,308,0.27,0.08923,0.92538
1354,308,0.27,0.08923,0.92538
1355,308,0.19,0.080443,0.91264
1356,308,0.19,0.080443,0.91264
1357,309,0.75,0.31155,3.8223
1358,309,0.75,0.29797,3.9616
1359,310,0.5075,0.21135,0.79841
1360,310,0.56,0.22873,0.82683
1361,311,0.41,0.15983,0.73898
1362,311,0.47,0.18204,0.78561
1363,312,0.365,0.10326,0.61839
1364,312,0.365,0.10326,0.61839
1365,313,3.9917,2.9525,5.3642
1366,313,3.725,2.7533,5.2716
1367,313,3.5917,2.625,5.2553
1368,313,3.025,2.0481,4.41
1369,313,3.125,2.2545,4.5849
1370,313,2.675,1.91,4.5329
1371,313,2.875,1.908,4.5572
1372,314,3.35,2.24,7.0098
1373,314,3.35,2.24,7.0098
1374,315,4.35,3.0186,8.4732
1375,315,4.35,3.0186,8.4732
1376,316,2.7,2.05,3.4
1377,316,2.7,2.05,3.4
1378,316,2.7,2.05,3.4
1379,316,2.7,2.05,3.4
1380,317,2.1,1.55,2.6
1381,317,2.1,1.55,2.6
1382,317,2.1,1.55,2.6
1383,317,2.1,1.55,2.6
1384,318,2,1.55,2.55
1385,318,2,1.55,2.55
1386,318,2,1.55,2.55
1387,318,2,1.55,2.55
1388,319,6.5,4.3755,13.718
1389,319,6.5,4.3755,13.718
1390,320,0.385,0.12788,0.56851
1391,320,0.385,0.12788,0.56851
1392,321,0.265,0.086529,0.40187
1393,321,0.265,0.086529,0.40187
1394,321,0.235,0.088279,0.40461
1395,321,0.255,0.088834,0.40722
1396,321,0.275,0.089388,0.40983
1397,322,0.15,0.048672,2.6013
1398,322,0.125,0.050009,1.8921
1399,322,0.125,0.050009,1.8921
1400,322,0.35,0.16365,2.8994
1401,322,0.75,0.45571,3.8356
1402,323,0.1525,0.04961,0.24439
1403,323,0.1475,0.052344,0.24706
1404,323,0.14583,0.055151,0.24649
1405,324,1.175,0.48546,2.1038
1406,324,1.175,0.49609,2.0858
1407,324,1.3083,0.66212,2.1944
1408,324,1.1875,0.52752,2.0486
1409,325,0.45,0.15686,3.949
1410,325,0.75,0.34266,5.1297
1411,325,0.76667,0.35035,5.611
1412,325,0.5,0.17993,5.3928
1413,326,0.68333,0.2685,4.1692
1414,326,0.45,0.15231,3.4614
1415,326,0.95,0.42287,3.8436
1416,326,0.45,0.14601,3.312
1417,327,0.825,0.33543,1.3352
1418,327,0.675,0.24258,1.2018
1419,327,0.495,0.12411,1.0991
1420,328,0.615,0.16725,1.2679
1421,328,0.435,0.16315,1.2424
1422,329,1.175,0.45055,2.972
1423,329,1.175,0.45055,2.972
1424,330,2.15,1.3587,3.1644
1425,330,2.675,1.8304,3.6341
1426,330,1.775,1.0549,3.071
1427,330,1.85,1.0289,3.0266
1428,331,1.5,0.5,2.5
1429,331,1.5,0.5,2.5
1430,331,1.5,0.5,2.5
1431,331,1.5,0.5,2.5
1432,331,1.5,0.5,2.5
1433,331,1.5,0.5,2.5
1434,331,1.5,0.5,2.5
1435,331,1.5,0.5,2.5
1436,331,1.5,0.5,2.5
1437,331,1.5,0.5,2.5
1438,331,1.5,0.5,2.5
1439,331,1.5,0.5,2.5
1440,331,1.5,0.5,2.5
1441,331,1.5,0.5,2.5
1442,331,1.5,0.5,2.5
1443,331,1.5,0.5,2.5
1444,331,1.5,0.5,2.5
1445,331,1.5,0.5,2.5
1446,331,1.5,0.5,2.5
1447,332,1.575,0.9736,2.7958
1448,332,1.575,0.9736,2.7958
1449,332,0.975,0.64421,2.2987
1450,332,0.975,0.64421,2.2987
1451,333,0.525,0.18344,2.5393
1452,333,0.575,0.22703,2.641
1453,333,0.675,0.31543,2.799
1454,333,0.775,0.40384,2.957
1455,333,0.75,0.25497,3.0777
1456,334,2.625,1.9134,4.6656
1457,334,3.3583,2.4537,5.2301
1458,334,3.025,2.1555,5.077
1459,335,1.25,0.79411,4.4659
1460,335,1.5833,1.074,4.6675
1461,335,1.95,1.4086,5.1048
1462,336,0.91667,0.40458,4.0409
1463,336,0.85,0.40305,3.3992
1464,336,0.65,0.22286,2.6238
1465,337,0.175,0.064549,2.0957
1466,337,0.3,0.10012,2.4904
1467,337,0.51667,0.23707,3.1037
1468,337,0.75,0.31736,3.3572
1469,338,2.975,1.9017,4.3195
1470,338,3.125,2.0792,4.8863
1471,339,4.175,3.0375,5.5985
1472,339,4.225,3.077,5.5605
1473,339,4.275,3.1164,5.5225
1474,340,0.645,0.15232,1.325
1475,340,0.645,0.15232,1.325
1476,341,3.7,2.8,4.65
1477,341,3.7,2.8,4.65
1478,342,3,2.25,3.75
1479,342,3,2.25,3.75
1480,343,2,1.5,2.5
1481,343,2,1.5,2.5
1482,344,2.25,1.7,2.8
1483,344,2.25,1.7,2.8
1484,345,2,1.5,2.5
1485,345,2,1.5,2.5
1486,346,0.885,0.30709,1.699
1487,346,1.035,0.40748,1.7347
1488,346,1.185,0.50786,1.7705
1489,346,1.3375,0.7585,1.8168
1490,346,1.49,1.0091,1.8631
1491,347,1.425,0.89334,3.2384
1492,347,1.425,0.89334,3.2384
1493,347,1.325,0.6736,3.0669
1494,347,1.325,0.6736,3.0669
1495,348,0.55,0.18973,0.81288
1496,348,0.53,0.19822,0.82081
1497,349,0.825,0.54285,1.9269
1498,349,0.825,0.54285,1.9269
1499,349,0.825,0.54285,1.9269
1500,349,2.115,1.5973,3.0511
1501,349,2.115,1.5973,3.0511
1502,349,1.625,1.0171,2.7135
1503,349,1.625,1.0171,2.7135
1504,350,1.5,0.5,2.5
1505,350,1.5,0.5,2.5
1506,350,1.5,0.5,2.5
1507,350,1.5,0.5,2.5
1508,350,1.5,0.5,2.5
1509,350,1.5,0.5,2.5
1510,350,1.5,0.5,2.5
1511,350,1.5,0.5,2.5
1512,350,1.5,0.5,2.5
1513,350,1.5,0.5,2.5
1514,350,1.5,0.5,2.5
1515,350,1.5,0.5,2.5
1516,350,1.5,0.5,2.5
1517,350,1.5,0.5,2.5
1518,350,1.5,0.5,2.5
1519,350,1.5,0.5,2.5
1520,350,1.5,0.5,2.5
1521,350,1.5,0.5,2.5
1522,351,0.125,0.034629,1.9048
1523,351,0.25,0.081608,2.7116
1524,351,0.25,0.081566,2.662
1525,352,0.7,0.28921,6.2651
1526,352,0.7,0.28921,6.2651
1527,353,0.95,0.47667,3.9845
1528,353,0.95,0.47667,3.9845
1529,353,1.35,0.83518,4.127
1530,353,1.575,0.99433,3.5599
1531,353,1.725,1.1455,3.5942
1532,353,1.875,1.2967,3.6285
1533,353,1.85,1.1533,3.5406
1534,353,1.825,1.0098,3.4527
1535,354,1.45,0.87118,3.8778
1536,354,1.475,0.93225,3.6308
1537,355,1.45,0.68263,5.3537
1538,355,1.05,0.43619,4.8742
1539,355,1.05,0.43227,4.8318
1540,355,1.15,0.51705,5.1414
1541,355,0.8,0.3177,4.8445
1542,355,0.86667,0.35493,4.998
1543,355,0.875,0.37828,5.545
1544,356,1.375,0.70032,3.2461
1545,356,1.375,0.67855,3.3735
1546,357,0.25,0.078715,3.889
1547,357,0.25,0.078715,3.889
1548,358,0.4,0.1,0.4
1549,358,0.4,0.1,0.4
1550,358,0.4,0.1,0.4
1551,358,0.4,0.1,0.4
1552,359,2.45,1.4243,4.8513
1553,359,2.35,1.3852,4.6602
1554,359,2.1,1.225,4.5642
1555,359,1.05,0.47209,3.4981
1556,359,1.05,0.47209,3.4981
1557,359,1.05,0.46271,3.3283
1558,360,0.35,0.10614,3.1978
1559,360,0.4,0.13386,3.2465
1560,360,0.45,0.16158,3.2951
1561,360,0.35,0.13873,3.1804
1562,361,0.675,0.20823,1.4947
1563,361,0.6,0.18719,1.44
1564,361,0.525,0.16615,1.3854
1565,362,1.075,0.43611,2.7939
1566,362,0.875,0.40636,2.7942
1567,362,0.725,0.29663,2.602
1568,363,0.375,0.10436,2.4232
1569,363,0.3,0.096087,2.2278
1570,363,0.275,0.08658,2.1482
1571,364,0.9,0.37261,3.2456
1572,364,0.25,0.125,0.5
1573,364,0.25,0.125,0.5
1574,365,0.47,0.16942,0.88861
1575,365,0.49,0.17834,1.2012
1576,366,0.45,0.16115,2.9257
1577,366,0.4125,0.15461,2.8349
1578,366,0.375,0.14807,2.7441
1579,367,0.525,0.20562,2.5075
1580,367,0.375,0.15143,2.3186
1581,368,2.075,1.4553,3.901
1582,368,2.075,1.4553,3.901
1583,368,2.275,1.5613,3.853
1584,368,1.875,1.2559,3.5292
1585,368,1.475,0.95047,3.2054
1586,369,1.15,0.97538,3.5462
1587,369,1.45,1.2496,3.7417
1588,369,1.85,1.519,4.3292
1589,369,2.75,2.2532,5.5129
1590,369,4.6375,3.8445,7.0112
1591,369,6.475,5.2843,8.2491
1592,370,1.275,0.76917,3.5269
1593,370,0.975,0.54598,2.9194
1594,370,0.975,0.54598,2.9194
1595,370,0.725,0.37718,3.0652
1596,370,0.725,0.37718,3.0652
1597,371,0.25,0.085456,3.5337
1598,371,0.25,0.085456,3.5337
1599,372,0.445,0.081331,0.5
1600,372,0.445,0.081331,0.5
1601,373,2.025,1.2591,3.8836
1602,373,2.025,1.2591,3.8836
1603,374,1.325,0.69484,2.8478
1604,374,1.325,0.69484,2.8478
1605,375,1.025,0.48281,2.294
1606,375,1.525,0.78369,2.7652
1607,375,1.525,0.78369,2.7652
1608,376,0.825,0.64367,2.1386
1609,376,0.825,0.64367,2.1386
1610,376,0.575,0.24119,2.0975
1611,377,0.555,0.34823,1.7536
1612,377,0.555,0.34823,1.7536
1613,377,0.555,0.34823,1.7536
1614,377,0.555,0.34823,1.7536
1615,378,0.41,0.1086,0.73101
1616,378,0.41,0.12798,0.7529
1617,379,1.065,0.46112,1.9469
1618,379,1.26,0.6016,2.107
1619,379,1.155,0.56005,2.0783
1620,380,0.735,0.27379,1.2562
1621,380,0.735,0.27379,1.2562
1622,381,0.425,0.19246,2.1959
1623,381,0.5,0.25775,2.302
1624,381,0.575,0.32304,2.4081
1625,381,0.775,0.35583,2.4286
1626,382,0.495,0.15447,1.082
1627,382,0.5175,0.15385,1.101
1628,383,0.35,0.13829,2.961
1629,383,0.35,0.13829,2.961
1630,383,0.35,0.13829,2.961
1631,383,0.35,0.14946,3.0102
1632,383,0.35,0.16063,3.0594
1633,383,0.35,0.16063,3.0594
1634,383,0.4,0.16079,3.2839
1635,383,0.45,0.16095,3.5085
1636,383,0.45,0.16095,3.5085
1637,384,1.25,0.81867,5.6766
1638,384,1.25,0.81867,5.6766
1639,385,0.75,0.35365,5.4308
1640,385,0.75,0.35365,5.4308
1641,386,0.95,0.3738,4.2043
1642,386,0.975,0.36416,3.9705
1643,387,0.44333,0.13288,0.87882
1644,387,0.426,0.15213,0.88419
1645,388,0.55,0.23949,3.5437
1646,388,0.55,0.23949,3.5437
1647,389,0.75,0.33522,3.3713
1648,389,0.75,0.33522,3.3713
1649,390,0.925,0.47102,2.9703
1650,390,0.725,0.27807,2.5184
1651,391,1.575,0.67599,3.1081
1652,391,1.575,0.67599,3.1081
1653,392,0.2175,0.081869,0.33654
1654,392,0.2275,0.088497,0.34221
1655,393,0.95,0.33648,3.251
1656,393,0.95,0.33648,3.251
1657,394,0.1975,0.065958,0.32281
1658,394,0.1975,0.065958,0.32281
1659,395,1.925,0.89145,3.6503
1660,395,1.925,0.89145,3.6503
1661,396,0.45,0.17194,2.4851
1662,396,0.4,0.14604,2.5126
1663,397,1.25,0.63756,4.2901
1664,397,1.25,0.63756,4.2901
1665,398,1.185,0.69255,2.1325
1666,398,0.435,0.14894,1.5789
1667,399,0.765,0.27258,1.4513
1668,399,0.765,0.27258,1.4513
1669,400,0.915,0.3429,1.8388
1670,400,1.095,0.45165,1.9746
1671,400,1.275,0.56041,2.1105
1672,400,1.365,0.66186,2.1603
1673,400,1.365,0.66186,2.1603
1674,400,1.38,0.70675,2.2067
1675,400,1.395,0.75164,2.2531
1676,400,1.725,0.85746,2.4711
1677,400,1.725,0.85746,2.4711
1678,401,0.65,0.29456,4.5557
1679,401,0.65,0.28702,4.5327
1680,401,0.65,0.27097,4.3994
1681,401,0.65,0.26247,4.2891
1682,402,1.45,0.40759,4.7972
1683,402,0.45,0.16227,3.696
1684,403,0.54,0.21173,0.82323
1685,403,0.522,0.20616,0.81633
1686,403,0.45667,0.17217,0.7849
1687,404,0.43,0.13529,0.75926
1688,404,0.398,0.13477,0.7619
1689,404,0.43,0.12578,0.7324
1690,405,2.2,2,2.5
1691,405,2.2,2,2.5
1692,406,3.1,1.9809,6.4686
1693,406,3.6,2.3728,6.8796
1694,406,3.85,2.538,7.0696
1695,406,4.25,3.1929,7.4023
1696,407,3.6,2.5647,5.2536
1697,407,4.2167,3.0852,5.8426
1698,407,4.9417,3.6005,6.9083
1699,407,5.5625,4.3425,7.7057
1700,407,5.8125,4.6415,7.7774
1701,408,2.15,1.0826,5.0563
1702,408,1.9167,1.1048,4.9558
1703,408,2.075,1.271,4.9718
1704,408,1.75,0.9586,4.7871
1705,408,1.55,0.77841,4.5299
1706,408,1.45,0.77089,4.4573
1707,409,0.475,0.16335,1.8461
1708,409,0.4,0.14817,1.9204
1709,409,0.375,0.15325,2.0631
1710,410,3,1,5
1711,410,3,1,5
1712,410,3,1,5
1713,410,3,1,5
1714,410,3,1,5
1715,410,3,1,5
1716,411,3,1,5
1717,411,3,1,5
1718,411,3,1,5
1719,411,3,1,5
1720,412,1.695,0.86302,2.391
1721,412,1.8525,1.0365,2.5167
1722,412,1.941,1.0512,2.507
1723,412,1.83,0.94044,2.4145
1724,412,1.875,0.9326,2.4269
1725,413,0.045,0.017475,0.082395
1726,413,0.057,0.019012,0.083372
1727,413,0.057,0.021167,0.084878
1728,413,0.057,0.022245,0.085631
1729,414,1.225,0.66745,3.4783
1730,414,1.15,0.6003,3.2969
1731,414,1.075,0.53314,3.1154
1732,414,0.85,0.36619,3.2321
1733,415,2.15,1.4727,4.7493
1734,415,2.25,1.5385,5.0228
1735,416,0.105,0.036591,1.3336
1736,416,0.275,0.10242,2.0987
1737,417,4.95,3.5367,7.0627
1738,417,4.05,2.8893,6.3415
1739,417,3.15,2.2418,5.6203
1740,418,0.38,0.13176,0.76049
1741,418,0.44333,0.14293,0.76923
1742,418,0.48333,0.16512,0.78476
1743,419,11,0,22
1744,419,11,0,22
1745,419,11,0,22
1746,419,11,0,22
1747,419,11,0,22
1748,419,11,0,22
1749,419,11,0,22
1750,419,11,0,22
1751,419,11,0,22
1752,419,11,0,22
1753,419,11,0,22
1754,419,11,0,22
1755,419,11,0,22
1756,419,11,0,22
1757,420,0.1,0.05,0.15
1758,420,0.1,0.05,0.15
1759,420,0.1,0.05,0.15
1760,420,0.1,0.05,0.15
1761,421,0.5,0.1,0.9
1762,421,0.5,0.1,0.9
1763,421,0.5,0.1,0.9
1764,421,0.5,0.1,0.9
1765,421,0.5,0.1,0.9
1766,421,0.5,0.1,0.9
1767,421,0.5,0.1,0.9
1768,421,0.5,0.1,0.9
1769,421,0.5,0.1,0.9
1770,422,3,1,5
1771,422,3,1,5
1772,422,3,1,5
1773,422,3,1,5
1774,422,3,1,5
1775,422,3,1,5
1776,422,3,1,5
1777,423,3,1.5,4.5
1778,423,3,1.5,4.5
1779,423,3,1.5,4.5
1780,423,3,1.5,4.5
1781,423,3,1.5,4.5
1782,423,3,1.5,4.5
1783,424,3,1.5,4.5
1784,424,3,1.5,4.5
1785,424,3,1.5,4.5
1786,424,3,1.5,4.5
1787,424,3,1.5,4.5
1788,424,3,1.5,4.5
1789,424,3,1.5,4.5
1790,425,1.65,0.97775,4.9743
1791,425,1.9167,1.1779,5.236
1792,425,1.6833,1.0693,4.8085
1793,425,1.35,0.8881,4.1629
1794,426,0.725,0.30811,2.2197
1795,426,0.525,0.19618,1.7825
1796,427,0.55,0.19495,2.0846
1797,427,0.64167,0.23218,2.035
1798,428,0.063,0.020207,0.1
1799,428,0.063,0.020207,0.1
1800,429,2.5583,1.5515,4.3557
1801,429,2.3083,1.4858,4.3275
1802,429,2.9375,2.023,5.0368
1803,429,3.625,2.5801,5.6256
1804,430,0.225,0.082403,1.8065
1805,430,0.225,0.082403,1.8065
1806,431,0.335,0.12088,0.56153
1807,431,0.335,0.12159,0.56068
1808,431,0.29,0.086312,0.52992
1809,431,0.275,0.078468,0.51769
1810,431,0.355,0.11238,0.56027
1811,432,0.43,0.11947,0.88675
1812,432,0.37286,0.11739,0.8675
1813,432,0.35,0.11656,0.8598
1814,433,0.22125,0.08315,0.33907
1815,433,0.2125,0.084517,0.33779
1816,433,0.21417,0.087506,0.34023
1817,433,0.2435,0.08835,0.34255
1818,433,0.2385,0.089985,0.34279
1819,433,0.21,0.082764,0.33761
1820,433,0.20917,0.075964,0.33352
1821,433,0.22,0.085226,0.33867
1822,434,0.049,0.01798,0.082146
1823,434,0.051,0.017279,0.081795
1824,434,0.0505,0.016745,0.082127
1825,434,0.053,0.017533,0.081729
1826,435,0.225,0.087608,2.3184
1827,435,0.225,0.087608,2.3184
1828,436,2,1.5,2.5
1829,436,2,1.5,2.5
1830,436,2,1.5,2.5
1831,437,1.95,1.45,2.45
1832,437,1.95,1.45,2.45
1833,437,1.95,1.45,2.45
1834,437,1.95,1.45,2.45
1835,438,0.2,0.1,0.3
1836,438,0.2,0.1,0.3
1837,438,0.2,0.1,0.3
1838,439,1.0625,0.47487,3.512
1839,439,1.2625,0.61026,3.7331
1840,439,1.7,0.88247,4.5066
1841,439,2.3,1.4858,5.101
1842,439,2.45,1.5568,5.1857
1843,439,2.2,1.3049,5.071
1844,439,2.65,1.7182,5.4915
1845,440,2.7,2.05,3.4
1846,440,2.7,2.05,3.4
1847,441,2.75,2.05,3.4
1848,441,2.75,2.05,3.4
1849,442,2,1.5,2.5
1850,442,2,1.5,2.5
1851,443,0.59167,0.24556,2.0165
1852,443,0.55,0.21133,2.0012
1853,443,0.475,0.17592,1.9353
1854,444,0.25,0.080145,4.1887
1855,444,0.26667,0.093096,4.455
1856,444,0.3,0.119,4.9876
1857,445,0.525,0.16064,1.9412
1858,445,0.525,0.16064,1.9412
1859,445,0.275,0.11419,1.8695
1860,446,2.45,1.5825,6.1105
1861,446,2.45,1.5825,6.1105
1862,446,1.85,1.0763,5.1047
1863,447,0.95,0.50233,5.4521
1864,447,0.95,0.50233,5.4521
1865,447,1.25,0.61793,5.7005
1866,447,2.3,1.4839,7.1838
1867,447,2.3,1.4839,7.1838
1868,448,0.1675,0.063803,0.25459
1869,448,0.1625,0.055495,0.25217
1870,449,1.45,0.87951,3.7816
1871,449,1.45,0.87951,3.7816
1872,450,1.1,0.49182,3.7116
1873,450,1.2,0.58399,3.6376
1874,450,1.15,0.63521,3.7744
1875,450,0.9625,0.56094,3.5285
1876,450,0.9625,0.53511,3.2643
1877,450,1.6,1.0249,4.0772
1878,451,0.1625,0.053618,0.24832
1879,451,0.1525,0.055235,0.24819
1880,452,0.35,0.11348,2.9629
1881,452,0.41667,0.15697,3.2828
1882,452,0.45,0.18186,2.959
1883,453,0.55,0.27295,3.6467
1884,453,0.55,0.22224,3.5472
1885,453,0.65,0.23286,4.0442
1886,454,0.95,0.46922,4.9679
1887,454,0.8,0.46282,3.992
1888,454,0.65,0.29856,3.5806
1889,455,1.825,0.92046,3.439
1890,455,1.625,0.6954,2.8597
1891,456,0.465,0.14136,1.3441
1892,456,0.735,0.23287,1.4723
1893,457,0.5625,0.17134,1.3784
1894,457,0.495,0.15933,1.3931
1895,458,0.255,0.096666,1.332
1896,458,0.405,0.16444,1.4041
1897,459,2.295,1.4058,2.5409
1898,459,2.295,1.4058,2.5409
1899,459,1.125,0.50095,1.7647
1900,459,1.125,0.50095,1.7647
1901,460,1.775,1.2533,3.8312
1902,460,1.575,1.0631,3.5516
1903,460,1.375,0.87291,3.272
1904,460,0.975,0.53752,2.7087
1905,461,3,2,4
1906,461,3,2,4
1907,462,3.3,2.4,4.2
1908,462,3.3,2.4,4.2
1909,463,0.375,0.14161,0.64359
1910,463,0.30167,0.094113,0.59663
1911,463,0.307,0.1008,0.60583
1912,463,0.34167,0.12015,0.62536
1913,464,2.7,2.05,3.4
1914,464,2.7,2.05,3.4
1915,465,2.7,2.05,3.4
1916,465,2.7,2.05,3.4
1917,466,0.275,0.093154,2.5368
1918,466,0.65,0.23993,3.3012
1919,466,0.55,0.16953,3.4039
1920,466,0.5,0.16807,3.3484
1921,466,0.4875,0.16862,3.0278
1922,466,0.4875,0.15534,3.0044
1923,466,0.45,0.14005,3.2461
1924,466,0.45,0.14996,3.4513
1925,467,0.575,0.25383,2.631
1926,467,0.425,0.19537,2.6416
1927,467,0.625,0.22995,2.7061
1928,468,0.5,0.22727,2.5548
1929,468,0.425,0.15742,2.4784
1930,468,0.65,0.283,2.6747
1931,469,0.625,0.21454,2.5268
1932,469,0.625,0.26633,2.6693
1933,469,0.575,0.25023,2.6054
1934,469,0.675,0.2833,2.7238
1935,470,1.175,0.57446,3.097
1936,470,1.135,0.66697,2.9647
1937,470,1.3125,0.77131,3.0283
1938,470,1.6375,1.0061,3.3747
1939,471,1,0.5,1.5
1940,471,1,0.5,1.5
1941,471,0.5,0.20773,5.9643
1942,471,0.7,0.2859,6.1863
1943,471,1.4,0.77564,6.9637
1944,471,2,1.2153,8.0909
1945,472,4.7,2.4566,10.708
1946,472,4.7,2.4566,10.708
1947,472,4,2.5,5.5
1948,472,4,2.5,5.5
1949,472,4,2.5,5.5
1950,472,4,2.5,5.5
1951,472,4,2.5,5.5
1952,472,4,2.5,5.5
1953,472,4,2.5,5.5
1954,472,4,2.5,5.5
1955,472,4,2.5,5.5
1956,472,4,2.5,5.5
1957,472,4,2.5,5.5
1958,473,0.5,0.2,0.8
1959,473,0.5,0.2,0.8
1960,473,0.5,0.2,0.8
1961,473,0.5,0.2,0.8
1962,474,1,0.5,1.5
1963,474,1,0.5,1.5
1964,474,1,0.5,1.5
1965,474,1,0.5,1.5
1966,474,1,0.5,1.5
1967,474,1,0.5,1.5
1968,474,1,0.5,1.5
1969,474,1,0.5,1.5
1970,474,1,0.5,1.5
1971,474,1,0.5,1.5
1972,474,1,0.5,1.5
1973,474,1,0.5,1.5
1974,474,1,0.5,1.5
1975,474,1,0.5,1.5
1976,475,1,0.5,1.5
1977,475,1,0.5,1.5
1978,475,1,0.5,1.5
1979,475,1,0.5,1.5
1980,476,0.975,0.47917,2.733
1981,476,0.975,0.47917,2.733
1982,476,0.675,0.25523,2.5247
1983,476,0.675,0.25523,2.5247
1984,477,2,1,3
1985,477,2,1,3
1986,477,2,1,3
1987,477,2,1,3
1988,478,2.5,1.3708,10.227
1989,478,2.5,1.3708,10.227
1990,479,0.3,0.12288,5.2973
1991,479,0.3,0.12288,5.2973
1992,480,1.5,0.81369,8.3905
1993,480,1.5,0.81369,8.3905
1994,481,3.5,2.7175,9.2688
1995,481,1.5,0.94178,6.4441
1996,482,1.35,0.83866,3.8468
1997,482,1.35,0.78717,3.6694
1998,483,2.3,1.75,2.9
1999,483,2.3,1.75,2.9
2000,484,4.1,3.1,5.15
2001,484,4.1,3.1,5.15
2002,484,4.1,3.1,5.15
2003,485,1.55,0.81144,3.9132
2004,485,1.85,1.1645,4.7362
2005,486,0.57,0.19079,1.3726
2006,486,0.7425,0.26039,1.4105
2007,486,0.945,0.43271,1.5296
2008,486,0.965,0.39323,1.5214
2009,486,0.995,0.44625,1.5653
2010,486,1.005,0.40207,1.5328
2011,486,0.885,0.33542,1.4651
2012,486,0.765,0.25205,1.4126
2013,486,0.645,0.21533,1.3498
2014,486,0.675,0.22124,1.4474
2015,487,2.025,1.3038,4.1239
2016,487,2.025,1.3038,4.1239
2017,487,1.475,0.77453,3.6774
2018,487,1.475,0.77453,3.6774
2019,488,3.125,2.1703,5.0183
2020,488,3.125,2.1703,5.0183
2021,488,1.975,1.1608,4.2118
2022,488,1.975,1.1608,4.2118
2023,489,0.5,0.18955,0.80522
2024,489,0.55,0.21432,0.82275
2025,489,0.6,0.23971,0.85389
2026,489,0.57,0.2199,0.84863
2027,489,0.63,0.29949,0.9073
2028,490,0.48333,0.19658,0.80158
2029,490,0.35,0.11481,0.72374
2030,491,0.645,0.26022,1.4877
2031,491,0.735,0.2716,1.3776
2032,492,0.95,0.68075,4.5213
2033,492,0.95,0.68075,4.5213
2034,493,4.4625,3.3573,6.6618
2035,493,4.575,3.4454,6.2879
2036,493,3.675,2.5736,5.2942
2037,493,2.45,1.4086,3.9149
2038,493,1.9083,1.0616,3.4683
2039,493,2.2,1.4018,3.7704
2040,493,2.425,1.5741,3.9196
2041,493,2.375,1.43,4.0437
2042,493,2.25,1.231,4.281
2043,494,0.75,0.29366,3.4712
2044,494,0.95,0.46326,3.8819
2045,494,1.15,0.65855,3.8911
2046,494,1.0167,0.5975,4.2488
2047,494,1.35,0.81752,4.4706
2048,494,1.35,0.68566,5.2256
2049,495,0.55,0.19119,3.73
2050,495,0.85,0.33241,3.6848
2051,496,0.7,0.26484,8.1113
2052,496,0.7,0.28884,7.9376
2053,497,0.35,0.09589,0.72247
2054,497,0.35,0.087229,0.69892
2055,497,0.39,0.097529,0.74857
2056,498,0.625,0.27942,1.8566
2057,498,0.75,0.36047,2.0661
2058,498,0.845,0.44679,2.1131
2059,498,0.8425,0.4932,1.9803
2060,498,0.935,0.56086,2.1012
2061,498,0.785,0.37133,1.9544
2062,499,0.775,0.27361,2.3925
2063,499,1.175,0.60567,2.9171
2064,499,1.05,0.61479,2.8405
2065,499,1.125,0.76093,2.8862
2066,499,1.275,0.84476,3.1857
2067,499,1.6125,1.0151,3.6683
2068,499,1.95,1.1855,4.151
2069,500,1.95,1.006,4.2853
2070,500,2.2688,1.3534,4.238
2071,500,3.1,2.1383,5.1714
2072,500,3.3667,2.5104,5.3646
2073,500,3.9417,2.9603,5.8492
2074,501,1.05,0.51652,3.8546
2075,501,1.2,0.67295,3.8407
2076,501,1.45,0.88314,3.9603
2077,501,1.8,1.1365,4.7174
2078,501,2.05,1.2315,4.9038
2079,501,2.15,1.1079,5.1281
2080,501,3.85,2.8499,6.6285
2081,501,4.35,3.1337,7.4288
2082,502,0.95,0.45784,3.3721
2083,502,0.75833,0.43513,3.2077
2084,502,0.6,0.34615,2.9651
2085,502,0.65,0.4054,3.1401
2086,503,0.705,0.21212,1.4348
2087,503,0.63,0.22216,1.4474
2088,503,0.525,0.18131,1.4012
2089,504,1.175,0.56379,3.2363
2090,504,1.2125,0.58125,3.5752
2091,504,1.25,0.59871,3.9141
2092,505,1.05,0.44098,3.4141
2093,505,0.725,0.26852,2.9526
2094,505,0.675,0.26866,2.9633
2095,505,0.525,0.18324,2.7943
2096,505,0.475,0.15887,2.5598
2097,505,0.475,0.17192,2.4493
2098,506,7.125,5.8597,8.404
2099,506,6.075,4.6191,7.1579
2100,506,5.8,4.5371,6.8998
2101,506,4.825,3.8754,5.9126
2102,506,5.025,3.9617,6.0727
2103,506,5.425,4.2957,6.512
2104,507,5.525,4.4449,6.4833
2105,507,5.725,4.8247,6.7867
2106,507,5.925,4.8288,6.9765
2107,507,6.125,4.8638,7.0625
2108,508,6.125,4.7579,7.0724
2109,508,5.8,4.5125,6.7688
2110,508,5.05,3.8779,6.08
2111,508,4.625,3.4887,5.6948
2112,508,3.925,2.9261,5.21
2113,509,5.65,4.5459,7.9559
2114,509,5.3625,4.0773,7.3343
2115,509,5.075,3.6087,6.7128
2116,510,0.45,0.15925,3.3287
2117,510,0.45,0.15925,3.3287
2118,511,1.95,1.1887,4.4705
2119,511,2.65,1.7561,5.0453
2120,511,2.3,1.5471,4.8832
2121,511,1.95,1.338,4.7211
2122,511,2.15,1.4601,4.9404
2123,511,2.15,1.405,4.5578
2124,511,2.75,1.8868,5.186
2125,511,2.85,2.0417,5.2529
2126,511,2.95,2.1965,5.3197
2127,511,3.75,2.9417,6.1123
2128,511,4.35,3.2315,7.2023
2129,512,0.7,0.37502,5.8486
2130,512,0.7,0.25843,5.3617
2131,513,4.25,2.9336,7.4679
2132,513,4.25,2.9336,7.4679
2133,514,0.69,0.2501,0.97931
2134,514,0.39,0.21239,0.83561
2135,514,0.43,0.20701,0.8989
2136,515,0.41,0.14758,0.7785
2137,515,0.35,0.087737,0.67205
2138,516,0.41,0.12199,0.73001
2139,516,0.41,0.12199,0.73001
2140,517,0.37,0.11449,0.75166
2141,517,0.37,0.11421,0.74913
2142,517,0.4,0.1235,0.77452
2143,517,0.38,0.12001,0.76262
2144,518,0.275,0.089609,1.9806
2145,518,0.275,0.089609,1.9806
2146,519,0.225,0.10614,2.1504
2147,519,0.225,0.10614,2.1504
2148,520,0.625,0.18442,2.0633
2149,520,0.625,0.21084,2.009
2150,520,0.625,0.23727,1.9547
2151,520,0.725,0.27973,1.8999
2152,520,0.825,0.31541,1.9469
2153,520,0.925,0.35109,1.9939
2154,520,0.675,0.29551,1.9848
2155,520,0.925,0.39217,2.104
2156,520,1.175,0.48883,2.2231
2157,520,0.975,0.36014,2.0159
2158,521,1.05,0.36099,3.9979
2159,521,1,0.38968,3.9633
2160,521,0.95,0.41838,3.9286
2161,521,1,0.44147,4.124
2162,521,1.05,0.46456,4.3194
2163,521,1.35,0.68265,4.7152
2164,521,1.35,0.67089,4.8036
2165,521,1.35,0.65913,4.892
2166,521,1.75,0.96963,5.6074
2167,522,1.375,0.59129,2.2142
2168,522,1.225,0.52296,2.129
2169,522,0.99167,0.39651,2.0179
2170,522,0.825,0.28026,1.9663
2171,522,0.665,0.24105,1.9353
2172,522,0.55833,0.19501,1.8628
2173,523,1.115,0.53321,2.0457
2174,523,1.155,0.53768,2.0138
2175,523,1.035,0.46473,1.9481
2176,523,1.11,0.50379,1.9843
2177,523,1.2825,0.56929,2.1306
2178,524,0.925,0.42539,2.2537
2179,524,0.925,0.42539,2.2537
2180,524,0.65,0.28428,1.92
2181,524,0.375,0.14318,1.5862
2182,524,0.375,0.14318,1.5862
2183,525,0.4025,0.17129,0.74922
2184,525,0.365,0.16395,0.70543
2185,525,0.3625,0.13396,0.70235
2186,525,0.47,0.18662,0.78409
2187,525,0.53,0.22334,0.82753
2188,525,0.54,0.2196,0.83194
2189,526,0.45,0.1345,1.0149
2190,526,0.49,0.14943,1.013
2191,527,0.49,0.17051,0.77786
2192,527,0.49,0.17051,0.77786
2193,527,0.43,0.15575,0.77595
2194,527,0.4,0.13489,0.74674
2195,527,0.37,0.11403,0.71752
2196,527,0.47,0.17485,0.79379
2197,527,0.5,0.18638,0.80714
2198,527,0.53,0.19792,0.82049
2199,528,3.05,1.9949,6.1294
2200,528,3.05,1.9949,6.1294
2201,529,2.625,1.7094,4.3532
2202,529,2.625,1.7094,4.3532
2203,530,2.075,1.5244,3.8471
2204,530,2.075,1.5244,3.8471
2205,531,1.625,1.2316,3.8273
2206,531,1.875,1.427,3.8608
2207,531,1.775,1.3902,3.6496
2208,532,0.585,0.43452,1.8217
2209,532,0.585,0.43452,1.8217
2210,533,5.925,4.509,7.4152
2211,533,5.325,3.9609,6.7431
2212,533,5.325,4.0966,6.8077
2213,533,4.9917,3.6541,6.2367
2214,533,4.825,3.3989,5.935
2215,534,0.775,0.33104,2.0416
2216,534,0.775,0.33104,2.0416
2217,535,1.325,0.72077,2.664
2218,535,0.525,0.26422,1.7282
2219,535,0.725,0.36091,1.9611
2220,536,2.5583,1.696,4.1963
2221,536,2.725,1.8842,4.0063
2222,536,2.175,1.3215,3.5579
2223,537,0.47,0.15975,0.76693
2224,537,0.57667,0.22596,0.84624
2225,537,0.55,0.22359,0.83785
2226,538,2,0,10
2227,538,2,0,10
2228,538,2,0,10
2229,538,2,0,10
2230,538,2,0,10
2231,538,2,0,10
2232,538,2,0,10
2233,538,2,0,10
2234,538,2,0,10
2235,538,2,0,10
2236,539,0.16,0.05414,0.24779
2237,539,0.1675,0.056582,0.24987
2238,539,0.17917,0.062667,0.25775
2239,539,0.1725,0.069179,0.26381
2240,540,2.6,1.95,3.25
2241,540,2.6,1.95,3.25
2242,541,1.35,0.88118,4.517
2243,541,1.05,0.66254,3.8436
2244,541,0.475,0.15531,2.6802
2245,541,0.4125,0.15464,2.8493
2246,541,0.4,0.15379,2.9399
2247,541,0.55,0.22022,3.1711
2248,541,0.575,0.23414,2.8175
2249,542,0.85,0.3781,4.4233
2250,542,0.8,0.35458,4.2781
2251,542,0.45,0.18867,3.7435
2252,542,0.45,0.23637,3.1476
2253,542,0.225,0.079623,2.6026
2254,542,0.65,0.40767,3.1493
2255,543,0.325,0.11011,2.1822
2256,543,0.325,0.11011,2.1822
2257,543,0.825,0.61578,2.8063
2258,543,0.825,0.61578,2.8063
2259,544,0.825,0.28878,1.8147
2260,544,0.80833,0.31529,1.8373
2261,544,0.75,0.30866,1.7801
2262,544,0.81,0.36805,1.8049
2263,544,0.885,0.37922,1.8341
2264,544,0.96,0.42835,1.845
2265,544,0.985,0.42459,1.8851
2266,544,1.005,0.4263,1.8485
2267,544,1.095,0.44501,1.8754
2268,545,0.75,0.30185,3.6637
2269,545,0.325,0.10881,2.4962
2270,546,0.55,0.18717,4.5829
2271,546,1.5,0.5,2.5
2272,546,1.5,0.5,2.5
2273,546,1.5,0.5,2.5
2274,546,1.5,0.5,2.5
2275,546,1.5,0.5,2.5
2276,546,1.5,0.5,2.5
2277,546,1.5,0.5,2.5
2278,546,1.5,0.5,2.5
2279,547,0.875,0.37189,2.7557
2280,547,0.875,0.37189,2.7557
2281,547,0.55,0.22402,2.2475
2282,547,0.225,0.076154,1.7394
2283,547,0.225,0.076154,1.7394
2284,547,0.425,0.14002,2.1696
2285,547,0.425,0.14002,2.1696
2286,547,0.275,0.087927,1.8286
2287,547,0.125,0.035835,1.4876
2288,547,0.125,0.035835,1.4876
2289,547,0.135,0.047732,1.2406
2290,548,0.325,0.11231,2.4198
2291,548,0.325,0.11231,2.4198
2292,549,1.275,0.58001,2.5865
2293,549,1.4,0.70352,2.7323
2294,549,1.275,0.6018,2.5587
2295,549,1.075,0.49127,2.4079
2296,549,1.2,0.52784,2.563
2297,549,1.275,0.51677,2.6355
2298,550,1.95,1.1882,4.8269
2299,550,2.55,1.7958,5.3581
2300,550,2.325,1.6319,5.1989
2301,550,1.45,0.79755,4.6583
2302,550,1.375,0.74245,4.5152
2303,550,0.95,0.4845,3.9275
2304,550,0.81,0.37204,3.8963
2305,550,0.91667,0.39884,4.0323
2306,550,0.85,0.3583,3.9512
2307,550,0.57,0.20339,3.5336
2308,550,0.4,0.11227,2.9647
2309,551,0.35,0.10911,4.1235
2310,551,0.15,0.048226,2.6612
2311,552,1.1375,0.5032,2.3136
2312,552,1.3625,0.57267,2.4246
2313,552,1.475,0.60526,2.4956
2314,553,4.75,3.3958,6.7052
2315,553,4.35,3.1246,6.7111
2316,553,4.35,3.0039,6.6644
2317,553,4.35,2.9435,6.6411
2318,554,1.3,0.4266,6.4086
2319,554,0.35,0.11149,3.9033
2320,555,0.27,0.12906,0.98377
2321,555,0.23667,0.10291,0.95306
2322,555,0.17,0.050599,0.89163
2323,556,0.225,0.082732,1.5419
2324,556,0.575,0.24567,2.0942
