0,0,1.1875,0.50237
1,0,0.955,0.48141
2,0,0.625,0.4233
3,1,0.295,0.06518
4,1,0.295,0.06518
5,2,1.525,0.58208
6,2,1.525,0.58208
7,3,0.7,1.3012
8,3,0.9,1.4668
9,3,0.9,1.6881
10,4,0.195,0.28214
11,4,0.36,0.33337
12,5,0.575,0.45609
13,5,0.9,0.48052
14,5,1.625,0.51915
15,6,1.05,0.7723
16,6,0.85,0.77829
17,7,0.475,0.54012
18,7,0.475,0.54012
19,8,27.283,1.3961
20,8,18.85,1.3082
21,8,18.75,1.286
22,9,20.35,1.4788
23,9,20.25,1.3999
24,9,20.05,1.242
25,10,19.3,2.0365
26,10,18.1,1.9171
27,11,3.1,1.341
28,11,5.3,1.3895
29,12,24.95,1.3088
30,12,24.7,1.059
31,12,24.75,0.90937
32,12,25.25,0.93455
33,12,25.65,1.1683
34,12,27.45,1.1403
35,12,28.583,1.2134
36,12,28.69,1.308
37,12,29,1.0609
38,12,29.15,1.1359
39,12,29.35,1.1799
40,12,28.85,1.1214
41,13,24.925,0.68372
42,13,24.275,0.5723
43,13,24.925,0.57417
44,13,24.65,0.54619
45,13,24.775,0.54195
46,13,25.025,0.52754
47,13,25.275,0.51313
48,13,28.325,0.53102
49,13,29.725,0.52447
50,13,30.525,0.53729
51,13,30.475,0.52362
52,13,30.3,0.54272
53,13,30.125,0.56181
54,13,29.975,0.5195
55,13,29.725,0.53205
56,13,28.925,0.51252
57,13,24.925,0.54314
58,13,23.85,0.5538
59,13,22.775,0.56445
60,13,22.275,0.54089
61,13,21.375,0.5494
62,14,11.85,0.79793
63,14,15.425,0.70023
64,14,15.425,0.70023
65,14,16.525,0.72072
66,14,18.975,0.6591
67,14,18.625,0.66943
68,14,18.275,0.67975
69,14,18.175,0.75461
70,14,16.725,0.64368
71,14,10.225,0.60877
72,15,15.7,0.73469
73,15,15.7,0.73469
74,16,15.7,0.73469
75,16,15.7,0.73469
76,17,31.4,1.4179
77,17,31.4,1.4179
78,17,31.4,1.4179
79,17,31.4,1.4179
80,17,31.4,1.4179
81,17,31.4,1.4179
82,18,31.4,1.4179
83,18,31.4,1.4179
84,18,31.4,1.4179
85,18,31.4,1.4179
86,18,31.4,1.4179
87,18,31.4,1.4179
88,18,31.4,1.4179
89,18,31.4,1.4179
90,19,7.875,0.7178
91,19,6.0417,0.66036
92,19,3.175,0.70772
93,19,3.6417,0.64031
94,19,4.475,0.61846
95,19,5.275,0.68192
96,19,5.075,0.61261
97,19,4.4,0.63355
98,20,0.25,0.76935
99,20,0.38333,0.87303
100,20,0.91667,1.089
101,20,0.88333,1.1895
102,20,1.5,1.455
103,21,0.225,0.38521
104,21,0.225,0.38521
105,22,0.0915,0.032333
106,22,0.0915,0.032333
107,23,0.45,1.0555
108,23,0.75,1.074
109,23,1.05,1.0926
110,24,0.65,1.1261
111,24,0.91667,1.1311
112,24,0.35,0.76334
113,25,0.9,1.8826
114,25,0.8,1.789
115,25,0.7,1.6954
116,26,0.35,0.7758
117,26,0.35,0.66627
118,27,0.25,0.10077
119,27,0.25,0.10077
120,27,0.25,0.10077
121,28,0.53,0.18217
122,28,0.55,0.17936
123,29,0.45,0.74998
124,29,0.45,0.84962
125,29,0.35,0.85923
126,29,0.25,0.84264
127,30,4.55,0.92871
128,30,4.95,0.95249
129,30,5.35,0.97627
130,30,5.65,0.84476
131,30,6.55,1.0995
132,30,5.975,0.69359
133,30,5.975,0.69359
134,30,4.55,0.79421
135,31,6.45,1.2018
136,31,8.05,1.4046
137,32,1.025,0.71835
138,32,1.75,0.74077
139,32,2.15,0.76304
140,32,3.15,0.74958
141,32,3.5875,0.72447
142,32,3.4375,0.73426
143,32,3.55,0.89153
144,32,2.925,0.65077
145,32,2.95,0.79914
146,33,0.47,0.15601
147,33,0.43,0.15534
148,34,0.15,0.63933
149,34,0.15,0.63933
150,35,2.95,0.94517
151,35,2.75,0.84961
152,36,0.5,0.22704
153,36,0.5,0.22704
154,36,0.5,0.22704
155,36,0.5,0.22704
156,36,0.5,0.22704
157,37,0.33,0.15237
158,37,0.39,0.15371
159,37,0.43,0.155
160,37,0.345,0.14286
161,37,0.385,0.13822
162,38,0.45,0.15471
163,38,0.49,0.15549
164,39,0.55,0.15542
165,39,0.454,0.15172
166,39,0.45,0.15374
167,40,0.675,0.65243
168,40,0.375,0.53258
169,40,0.525,0.57205
170,41,0.075,0.32736
171,41,0.075,0.32736
172,42,0.885,0.33932
173,42,0.195,0.32614
174,42,0.52929,0.36169
175,43,0.47,0.15423
176,43,0.49667,0.15594
177,43,0.48,0.15643
178,44,0.49,0.14911
179,44,0.39,0.15499
180,45,0.61,0.22424
181,45,0.57,0.22511
182,45,0.53,0.21874
183,45,0.5575,0.22917
184,46,0.825,0.6597
185,46,0.85833,0.61709
186,46,0.9125,0.62415
187,47,0.825,0.66405
188,47,0.825,0.66405
189,48,8.3,0.60612
190,48,4.05,0.95205
191,48,4.05,0.95205
192,48,4.35,0.95856
193,48,4.6,0.91835
194,48,4.85,0.87814
195,48,3.65,0.88398
196,48,3.05,0.8983
197,48,2.3,0.86613
198,48,1.55,0.83395
199,48,1.35,0.86792
200,48,1.35,0.86792
201,49,4.625,0.61647
202,49,4.625,0.61647
203,49,4.375,0.63465
204,49,4.125,0.65283
205,50,0.63,0.17809
206,50,0.57,0.18099
207,50,0.5,0.18385
208,50,0.43,0.18167
209,50,0.47,0.18089
210,51,0.575,0.60463
211,51,0.575,0.60463
212,51,0.6,0.51226
213,51,0.625,0.4199
214,51,0.35,0.38872
215,51,0.075,0.35755
216,52,2.3,0.30306
217,52,2.3,0.30306
218,53,1.95,1.1549
219,53,1.6,1.1254
220,53,1.25,1.0958
221,54,0.39,0.15577
222,54,0.37667,0.15664
223,54,0.37,0.15708
224,55,0.55,0.7682
225,55,0.55,0.7682
226,56,0.555,0.35597
227,56,0.555,0.35597
228,57,0.25,1.0325
229,57,0.25,1.047
230,57,0.3,1.0702
231,57,0.325,1.0865
232,57,0.25,1.0874
233,58,3.225,0.63726
234,58,3.6583,0.68825
235,58,3.45,0.72173
236,58,2.9,0.68914
237,58,3.0625,0.70952
238,58,3.35,0.77048
239,58,4.425,0.71666
240,58,5.55,0.80075
241,58,7.05,0.88128
242,59,0.65,1.027
243,59,0.95,1.0852
244,59,1.1,1.0433
245,59,1.25,0.97564
246,59,2.45,1.0682
247,59,4.65,1.1579
248,59,5.2167,1.1555
249,59,6.4,1.1506
250,59,6.85,1.1784
251,59,6.45,1.1822
252,60,1.4,0.50945
253,60,1.4125,0.45908
254,60,1.5917,0.45191
255,60,1.4583,0.43643
256,60,1.925,0.43181
257,60,1.925,0.43853
258,61,0.43,0.15718
259,61,0.37,0.14846
260,62,1.0583,0.59405
261,62,2.125,0.69138
262,62,2.725,0.53553
263,62,2.3,0.53325
264,62,1.875,0.53097
265,62,2.725,0.51003
266,62,2.65,0.54424
267,62,1.8083,0.55002
268,62,1,0.45571
269,63,0.7,0.20204
270,63,0.7,0.20204
271,63,0.7,0.20204
272,63,0.7,0.20204
273,63,0.7,0.20204
274,63,0.7,0.20204
275,63,0.7,0.20204
276,63,0.7,0.20204
277,63,0.7,0.20204
278,64,0.7,0.20204
279,64,0.7,0.20204
280,64,0.7,0.20204
281,64,0.7,0.20204
282,64,0.7,0.20204
283,64,0.7,0.20204
284,64,0.7,0.20204
285,64,0.7,0.20204
286,64,0.7,0.20204
287,64,0.7,0.20204
288,64,0.7,0.20204
289,64,0.7,0.20204
290,64,0.7,0.20204
291,64,0.7,0.20204
292,64,0.7,0.20204
293,64,0.7,0.20204
294,64,0.7,0.20204
295,64,0.7,0.20204
296,64,0.7,0.20204
297,64,0.7,0.20204
298,64,0.7,0.20204
299,64,0.7,0.20204
300,64,0.7,0.20204
301,64,0.7,0.20204
302,64,0.7,0.20204
303,64,0.7,0.20204
304,64,0.7,0.20204
305,64,0.7,0.20204
306,65,0.8,0.25255
307,65,0.8,0.25255
308,65,0.8,0.25255
309,65,0.8,0.25255
310,65,0.8,0.25255
311,65,0.8,0.25255
312,65,0.8,0.25255
313,65,0.8,0.25255
314,65,0.8,0.25255
315,65,0.8,0.25255
316,65,0.8,0.25255
317,66,0.7,0.20204
318,66,0.7,0.20204
319,66,0.7,0.20204
320,66,0.7,0.20204
321,66,0.7,0.20204
322,66,0.7,0.20204
323,66,0.7,0.20204
324,66,0.7,0.20204
325,66,0.7,0.20204
326,66,0.7,0.20204
327,67,0.7,0.20204
328,67,0.7,0.20204
329,67,0.7,0.20204
330,67,0.7,0.20204
331,67,0.7,0.20204
332,67,0.7,0.20204
333,67,0.7,0.20204
334,67,0.7,0.20204
335,67,0.7,0.20204
336,67,0.7,0.20204
337,67,0.7,0.20204
338,67,0.7,0.20204
339,67,0.7,0.20204
340,67,0.7,0.20204
341,67,0.7,0.20204
342,67,0.7,0.20204
343,67,0.7,0.20204
344,67,0.7,0.20204
345,68,0.5,0.20204
346,68,0.5,0.20204
347,68,0.5,0.20204
348,68,0.5,0.20204
349,68,0.5,0.20204
350,68,0.5,0.20204
351,68,0.5,0.20204
352,68,0.5,0.20204
353,68,0.5,0.20204
354,68,0.5,0.20204
355,68,0.5,0.20204
356,68,0.5,0.20204
357,68,0.5,0.20204
358,68,0.5,0.20204
359,68,0.5,0.20204
360,68,0.5,0.20204
361,69,0.8,0.25255
362,69,0.8,0.25255
363,69,0.8,0.25255
364,69,0.8,0.25255
365,69,0.8,0.25255
366,69,0.8,0.25255
367,69,0.8,0.25255
368,69,0.8,0.25255
369,69,0.8,0.25255
370,69,0.8,0.25255
371,69,0.8,0.25255
372,69,0.8,0.25255
373,69,0.8,0.25255
374,69,0.8,0.25255
375,69,0.8,0.25255
376,69,0.8,0.25255
377,69,0.8,0.25255
378,69,0.8,0.25255
379,70,0.7,0.20204
380,70,0.7,0.20204
381,70,0.7,0.20204
382,70,0.7,0.20204
383,70,0.7,0.20204
384,70,0.7,0.20204
385,70,0.7,0.20204
386,70,0.7,0.20204
387,70,0.7,0.20204
388,70,0.7,0.20204
389,70,0.7,0.20204
390,70,0.7,0.20204
391,70,0.7,0.20204
392,71,0.8,0.25255
393,71,0.8,0.25255
394,71,0.8,0.25255
395,71,0.8,0.25255
396,71,0.8,0.25255
397,71,0.8,0.25255
398,71,0.8,0.25255
399,71,0.8,0.25255
400,72,0.37,0.16632
401,72,0.29,0.15593
402,73,0.585,0.29893
403,73,0.405,0.30335
404,73,0.345,0.31703
405,74,2,2.5102
406,74,2,2.5102
407,74,2,2.5102
408,74,2,2.5102
409,74,2,2.5102
410,74,2,2.5102
411,75,0.4,0.10102
412,75,0.4,0.10102
413,76,3,0.75765
414,76,3,0.75765
415,76,3,0.75765
416,77,0.37,0.15979
417,77,0.362,0.16226
418,77,0.36,0.1639
419,77,0.33,0.15979
420,78,1.5,1.5536
421,78,1.4333,1.4906
422,78,1.3,1.3647
423,78,0.85,1.0918
424,78,0.85,1.0918
425,79,0.15,0.73554
426,79,0.19,0.68766
427,79,0.25,0.61583
428,80,6.275,0.65173
429,80,6.625,0.72838
430,80,5.475,0.75448
431,80,5.0417,0.73029
432,80,3.875,0.73954
433,81,1.4625,0.71132
434,81,1.6625,0.71152
435,81,1.85,0.76458
436,81,2.75,0.788
437,81,2.75,0.788
438,81,3.85,0.77822
439,82,8.725,0.73297
440,82,8.525,0.63257
441,82,8.225,0.62486
442,82,6.575,0.7449
443,82,6.225,0.61068
444,82,4.3583,0.63315
445,82,2.125,0.61686
446,83,1.095,0.36823
447,83,1.085,0.37715
448,83,1.075,0.38608
449,84,1.185,0.26667
450,84,1.185,0.26667
451,85,0.7,1.6089
452,85,0.7,1.6089
453,86,4.9,2.21
454,86,4.9,2.21
455,87,0.65,0.98807
456,87,0.65,0.98807
457,88,0.725,0.62236
458,88,0.475,0.50419
459,88,0.575,0.58646
460,89,2,0.5051
461,89,2,0.5051
462,90,0.625,0.52603
463,90,1.975,0.58921
464,90,1.975,0.58921
465,91,0.49,0.15707
466,91,0.41,0.15642
467,92,1.075,0.68042
468,92,0.875,0.67723
469,92,0.875,0.67569
470,93,0.25,0.9841
471,93,0.9,1.2998
472,93,0.46667,1.153
473,93,0.25,1.0795
474,94,0.43,0.15449
475,94,0.51,0.14959
476,94,0.48,0.15102
477,94,0.51,0.15596
478,95,2.625,0.60608
479,95,3.0417,0.64885
480,95,3.125,0.71942
481,96,0.525,0.47934
482,96,0.225,0.51593
483,96,0.325,0.50321
484,96,0.6125,0.57995
485,96,0.85,0.66306
486,97,1.15,0.72317
487,97,1.15,0.72317
488,98,0.61667,0.85862
489,98,0.8,0.9772
490,98,1.15,1.0353
491,98,1.05,1.0621
492,99,0.095,0.020542
493,99,0.075,0.018475
494,99,0.055,0.016408
495,100,0.125,0.5113
496,100,0.225,0.56444
497,100,0.5375,0.6576
498,100,0.8,0.70362
499,100,0.85,0.70962
500,100,0.275,0.59225
501,101,0.275,0.49538
502,101,0.275,0.49538
503,102,0.225,0.57938
504,102,0.225,0.57938
505,103,0.47,0.15507
506,103,0.49,0.1575
507,104,0.44,0.15447
508,104,0.48,0.15468
509,104,0.49,0.15678
510,105,0.95,0.84711
511,105,0.45,0.81316
512,105,0.55,0.84516
513,105,0.5,0.80774
514,106,3.015,0.39561
515,106,3.015,0.39561
516,106,3.035,0.3878
517,106,3.075,0.37218
518,106,3.075,0.37218
519,107,1.85,0.79047
520,107,1.7,0.81367
521,107,1.55,0.83687
522,108,2.25,0.7516
523,108,2.25,0.7516
524,109,0.27,0.16274
525,109,0.31,0.16086
526,110,3.1833,0.75538
527,110,3.0333,0.72962
528,110,4.075,0.8975
529,110,3.35,0.76345
530,110,2.875,0.72244
531,111,0.65,0.77166
532,111,0.85,0.85836
533,111,0.95,0.86305
534,111,1,0.94442
535,112,0.85,0.17663
536,112,0.84167,0.20001
537,112,0.675,0.24577
538,112,0.9375,0.26662
539,113,0.415,0.13537
540,113,0.4525,0.14202
541,113,0.49,0.14866
542,114,0.615,0.29174
543,114,0.645,0.30185
544,114,0.555,0.29063
545,114,0.575,0.29808
546,114,0.54,0.29854
547,114,0.495,0.29527
548,114,0.525,0.29368
549,115,0.275,0.63595
550,115,0.325,0.69236
551,115,0.39,0.70695
552,115,0.45,0.68652
553,116,0.65,0.87917
554,116,1.25,0.90504
555,116,1.55,1.0781
556,116,1.75,1.0592
557,117,0.35,0.81691
558,117,0.45,0.95019
559,118,0.25,0.85123
560,118,0.15,0.89874
561,118,0.15,0.78121
562,119,0.68333,0.97166
563,119,0.4,0.88999
564,120,0.3,0.10102
565,120,0.3,0.10102
566,120,0.3,0.10102
567,120,0.3,0.10102
568,120,0.3,0.10102
569,120,0.3,0.10102
570,121,0.46,0.15695
571,121,0.46,0.15716
572,121,0.43,0.15529
573,121,0.43,0.15448
574,122,0.75,0.40506
575,122,0.60833,0.39555
576,122,0.5,0.39052
577,122,0.575,0.38201
578,122,0.675,0.38496
579,122,0.58,0.37472
580,122,0.655,0.37173
581,122,0.80833,0.3838
582,122,0.825,0.38307
583,122,0.725,0.39366
584,123,3.1,0.73269
585,123,2.475,0.72253
586,123,2.4917,0.74506
587,123,2.75,0.75556
588,123,2.95,0.76324
589,123,3.05,0.82516
590,123,3.05,0.83881
591,123,2.85,0.8634
592,124,0.725,0.51814
593,124,0.9,0.54573
594,124,0.9375,0.50368
595,124,1.075,0.47276
596,125,0.9,1.9027
597,125,0.9,1.7353
598,125,0.725,1.2738
599,125,0.55,1.147
600,126,0.25,0.88123
601,126,0.35,0.9316
602,126,0.45,0.98197
603,127,0.785,0.29652
604,127,0.885,0.30486
605,128,0.43,0.15752
606,128,0.47,0.15622
607,128,0.47,0.1568
608,129,0.49,0.15383
609,129,0.43667,0.14807
610,129,0.44333,0.15104
611,129,0.49667,0.15427
612,130,0.41,0.15709
613,130,0.374,0.15752
614,130,0.35,0.1578
615,131,1.05,0.72249
616,131,1.1833,0.72995
617,131,0.75,0.80299
618,132,0.71,0.15365
619,132,0.71,0.15365
620,133,0.37,0.16178
621,133,0.35,0.15476
622,134,0.365,0.13802
623,134,0.355,0.14595
624,134,0.33667,0.14939
625,135,0.525,0.57665
626,135,0.525,0.56185
627,135,0.325,0.54087
628,136,0.7,2.0022
629,136,0.7,2.0022
630,137,0.425,0.56623
631,137,0.375,0.57027
632,137,0.425,0.62341
633,137,0.45,0.64998
634,138,3.875,0.71864
635,138,3.875,0.71864
636,138,3.875,0.71864
637,138,3.875,0.71864
638,138,3.875,0.71864
639,138,3.725,0.66973
640,138,3.725,0.66973
641,138,3.725,0.66973
642,138,3.725,0.66973
643,138,3.725,0.66973
644,138,3.725,0.66973
645,139,0.56,0.15441
646,139,0.43,0.14985
647,139,0.37,0.14757
648,140,1.75,1.0108
649,140,2.05,1.0022
650,140,2.05,1.0022
651,140,2.45,0.9073
652,140,2.25,1.0772
653,141,2.525,0.59973
654,141,2.225,0.63337
655,141,3.275,0.63549
656,141,2.175,0.69803
657,141,0.3,0.12602
658,141,0.3,0.12602
659,141,0.3,0.12602
660,142,0.63,0.22688
661,142,0.43,0.22173
662,142,0.59,0.22779
663,142,0.6,0.22698
664,142,0.64333,0.22384
665,142,0.76,0.22248
666,143,0.346,0.15825
667,143,0.306,0.16007
668,144,0.35,0.92199
669,144,0.35,0.92199
670,145,0.75,0.76447
671,145,0.75,0.76447
672,146,0.525,0.66566
673,146,0.525,0.66566
674,147,1.7,1.8479
675,147,1.4,1.526
676,147,1.3,1.6102
677,148,0.41667,0.15556
678,148,0.42333,0.15666
679,148,0.35,0.15941
680,149,0.725,0.62234
681,149,0.64167,0.60529
682,149,0.475,0.57119
683,149,0.175,0.4977
684,149,0.175,0.4977
685,150,0.49667,0.15552
686,150,0.52,0.15502
687,150,0.51,0.15623
688,150,0.45,0.15381
689,150,0.33,0.15451
690,150,0.35,0.16056
691,151,0.625,0.42879
692,151,0.675,0.43111
693,152,0.575,0.47257
694,152,1.425,0.45635
695,152,1.5,0.41551
696,152,1.65,0.38304
697,152,1.785,0.34238
698,152,1.765,0.32882
699,152,1.945,0.35289
700,152,2.735,0.40045
701,152,2.6475,0.36964
702,152,1.185,0.45361
703,152,0.25,0.44782
704,152,0.18125,0.51893
705,152,0.075,0.3785
706,153,0.48,0.15523
707,153,0.45,0.15194
708,153,0.4,0.15147
709,153,0.48,0.15148
710,153,0.55,0.15339
711,154,2.45,0.89456
712,154,2.75,0.93976
713,154,2.75,0.95328
714,155,0.85,1.1669
715,155,0.85,1.1669
716,155,0.55,0.93881
717,155,0.65,0.88912
718,155,0.65,0.88912
719,156,8.7625,0.79475
720,156,9.3583,0.81643
721,156,10.825,0.7958
722,156,10.925,0.77721
723,156,11.025,0.75862
724,156,11.65,0.87172
725,156,11.95,0.82559
726,157,2.95,0.8636
727,157,2.95,0.8636
728,157,2.95,0.8636
729,157,2.95,0.8636
730,157,2.95,0.8636
731,157,2.95,0.8636
732,157,2.95,0.8636
733,158,6.15,0.84042
734,158,5.875,0.76923
735,159,0.95,0.65464
736,159,0.95,0.65464
737,160,2.45,0.89813
738,160,1.25,0.79517
739,160,1.95,0.87504
740,160,2.65,0.95491
741,160,2.45,1.0513
742,161,13.95,0.83962
743,161,13.95,0.83962
744,162,6.05,0.97804
745,162,6.05,0.97804
746,163,10.15,1.198
747,163,7.25,1.1153
748,163,7.25,1.1153
749,163,7.35,1.0538
750,164,3.475,0.58184
751,164,3.175,0.53056
752,164,2.875,0.47928
753,164,2.475,0.47189
754,164,2.075,0.46451
755,164,2.075,0.46451
756,164,2.075,0.46451
757,165,1.35,1.0489
758,165,1.35,1.0489
759,165,3.35,1.1832
760,165,3.95,1.2689
761,165,3.95,1.2689
762,165,4.85,1.0509
763,165,4.85,1.0509
764,166,1.175,0.48538
765,166,2.15,0.45864
766,166,2.525,0.46277
767,166,1.7,0.49297
768,166,1.625,0.51953
769,167,1.725,0.61712
770,167,2,0.66349
771,167,2.1,0.64003
772,167,2.4,0.64593
773,167,2.225,0.69432
774,168,0.43,0.15655
775,168,0.46,0.15647
776,168,0.44,0.15707
777,169,3,1.0102
778,169,3,1.0102
779,169,3,1.0102
780,169,3,1.0102
781,169,3,1.0102
782,169,3,1.0102
783,170,0.5,0.22704
784,170,0.5,0.22704
785,170,0.5,0.22704
786,170,0.5,0.22704
787,170,2.025,0.68327
788,170,3.2,1.1034
789,170,1.25,0.97095
790,171,1.95,0.88672
791,171,1.65,0.72967
792,171,1.85,0.83705
793,171,2.15,1.004
794,172,1.3717,0.41723
795,172,1.7917,0.44126
796,172,1.525,0.43276
797,172,1.525,0.41188
798,172,1.6,0.40434
799,173,0.55,0.40297
800,173,0.45,0.39661
801,173,0.375,0.40083
802,173,0.275,0.40571
803,173,0.425,0.40839
804,173,0.425,0.39714
805,174,1.69,0.84917
806,174,1.49,0.73091
807,175,0.925,0.56769
808,175,1.2,0.56554
809,175,1.025,0.58397
810,175,0.84167,0.56676
811,175,0.6,0.53919
812,175,0.65833,0.59929
813,175,0.8375,0.67961
814,176,0.595,0.13289
815,176,0.65333,0.14635
816,176,0.69,0.14984
817,177,0.825,0.43947
818,177,0.8875,0.42017
819,177,0.925,0.42771
820,177,0.875,0.44446
821,178,0.63,0.22881
822,178,0.73,0.23685
823,179,0.75,0.94064
824,179,0.75,0.94064
825,180,0.975,0.65729
826,180,1.0417,0.67828
827,180,1.075,0.68877
828,181,0.5,0.59287
829,181,0.575,0.59964
830,182,0.625,0.62056
831,182,0.65,0.60578
832,182,0.875,0.65751
833,182,0.7875,0.66916
834,183,2.95,1.0591
835,183,3.6,0.9045
836,184,0.35,0.12628
837,184,0.35,0.12628
838,184,0.35,0.12628
839,184,0.35,0.12628
840,184,0.35,0.12628
841,184,1.1187,0.21738
842,184,3.675,0.4809
843,184,3.475,0.49326
844,184,3.025,0.51543
845,185,3.475,0.5007
846,185,3.475,0.5007
847,185,3.325,0.464
848,185,3.325,0.464
849,186,0.47,0.15795
850,186,0.47,0.15795
851,187,0.775,0.69164
852,187,0.775,0.69164
853,187,0.775,0.69164
854,187,1.85,0.95068
855,187,1.85,0.95068
856,188,0.55,0.83217
857,188,0.75,0.88574
858,188,0.85,0.91253
859,189,0.55,1.2683
860,189,0.8,1.1361
861,190,0.95,1.0505
862,190,0.95,1.1948
863,190,0.95,1.1948
864,190,0.55,1.1388
865,191,0.65,0.74828
866,191,0.88333,0.99992
867,192,1.35,1.0209
868,192,1,0.99109
869,192,1.55,1.2067
870,193,3.625,0.72225
871,193,4.125,0.72756
872,193,5.15,0.7204
873,193,5.85,0.70205
874,193,4.8375,0.71582
875,194,0.325,0.58311
876,194,0.325,0.58311
877,194,0.49167,0.59285
878,194,0.575,0.59772
879,194,0.575,0.59772
880,195,0.35,0.84515
881,195,0.2125,0.67855
882,195,0.2125,0.64668
883,195,0.25,0.69377
884,195,0.35,0.8074
885,196,4.7875,0.83348
886,196,5.95,0.9385
887,196,6.85,0.93767
888,197,3,0.7602
889,197,3,0.7602
890,197,3,0.7602
891,197,3,0.7602
892,197,3,0.7602
893,197,3,0.7602
894,197,3,0.7602
895,197,3,0.7602
896,197,3,0.7602
897,197,3,0.7602
898,197,3,0.7602
899,197,3,0.7602
900,197,3,0.7602
901,198,5.225,0.50054
902,198,5.225,0.50054
903,198,6.8,0.52493
904,198,8.375,0.54933
905,198,8.375,0.54933
906,198,10.325,0.53252
907,198,10.325,0.53252
908,198,11.525,0.64314
909,198,11.525,0.64314
910,198,11.575,0.58821
911,198,11.575,0.58821
912,198,11.4,0.59391
913,198,11.225,0.59962
914,199,1.035,0.28212
915,199,1.275,0.2836
916,199,1.275,0.2836
917,199,0.855,0.269
918,200,0.875,0.42147
919,200,0.875,0.42147
920,201,0.63,0.20987
921,201,0.77,0.21023
922,202,1.335,0.33049
923,202,1.335,0.33049
924,203,0.85,0.80889
925,203,1.05,0.87769
926,203,1.25,0.94649
927,204,1.15,0.8257
928,204,1.55,0.86536
929,204,0.55,0.74242
930,204,0.475,0.63464
931,205,2.375,0.48324
932,205,2.975,0.44937
933,206,0.35,1.195
934,206,0.7,1.2889
935,206,0.7,1.2889
936,206,0.7,1.3257
937,206,0.7,1.3185
938,206,0.7,1.3112
939,207,0.65,1.2293
940,207,0.65,1.2293
941,208,1.32,0.33976
942,208,1.35,0.32654
943,208,1.245,0.34295
944,209,0.125,0.373
945,209,0.125,0.38073
946,209,0.125,0.39618
947,210,0.275,0.56883
948,210,0.44,0.66264
949,210,0.55,0.72517
950,211,1.725,0.58849
951,211,1.485,0.56412
952,211,1.2821,0.57227
953,211,1.075,0.60387
954,212,1.125,0.66801
955,212,1.0125,0.67652
956,213,2.15,0.50007
957,213,2.4,0.47791
958,213,2.6,0.51097
959,213,2.575,0.52979
960,213,2.975,0.51693
961,213,2.9,0.47798
962,213,2.925,0.49426
963,213,2.1625,0.50158
964,213,1.975,0.53013
965,213,1.425,0.55224
966,213,0.825,0.54733
967,214,3.225,0.35044
968,214,2.975,0.46266
969,214,2.425,0.52843
970,214,1.7,0.56089
971,214,1.05,0.55374
972,215,1.325,0.42887
973,215,1.575,0.45548
974,215,1.3083,0.43066
975,215,1.25,0.43418
976,215,1.325,0.45012
977,216,0.1525,0.048584
978,216,0.1575,0.048845
979,217,0.25,0.97333
980,217,1.1,1.4788
981,217,0.925,1.35
982,217,0.75,1.2213
983,217,0.45,1.3269
984,217,0.3,1.3797
985,218,0.35,1.1845
986,218,1.0833,1.1658
987,218,0.81667,1.1982
988,218,0.35,0.69717
989,218,0.4,0.73107
990,218,0.45,0.76496
991,218,0.45,0.97088
992,218,0.45,0.90763
993,218,0.45,0.84438
994,219,0.25,0.67592
995,219,0.3125,0.63209
996,219,0.375,0.58826
997,219,0.55,0.65392
998,220,0.39,0.15638
999,220,0.47,0.15817
1000,221,0.375,0.51838
1001,221,0.375,0.51838
1002,222,1.125,0.4998
1003,222,1.125,0.4998
1004,223,0.825,0.47972
1005,223,0.825,0.47972
1006,224,0.4125,0.64098
1007,224,0.36667,0.61776
1008,224,0.325,0.60795
1009,225,2.925,0.85584
1010,225,3.25,0.84462
1011,225,1.3167,0.7972
1012,225,0.65,0.71699
1013,226,0.275,0.62476
1014,226,0.825,0.63897
1015,226,1.025,0.63432
1016,226,0.425,0.61838
1017,227,0.35,0.73139
1018,227,1.25,0.96789
1019,228,0.325,0.42479
1020,228,0.325,0.41955
1021,229,0.47,0.15933
1022,229,0.48333,0.15597
1023,229,0.53,0.14863
1024,230,0.565,0.13783
1025,230,0.33,0.15009
1026,230,0.4,0.15588
1027,231,0.494,0.15601
1028,231,0.45,0.15506
1029,231,0.47,0.15585
1030,232,1.45,1.0608
1031,232,1.15,0.93256
1032,232,1.6833,0.93697
1033,232,2.025,0.92538
1034,232,1.65,0.92213
1035,233,0.39,0.1561
1036,233,0.39,0.15879
1037,233,0.39,0.15783
1038,234,1.095,0.3479
1039,234,2.475,0.322
1040,234,2.475,0.322
1041,234,2.225,0.39215
1042,235,0.525,0.58247
1043,235,0.625,0.60164
1044,236,1.925,0.64744
1045,236,1.8,0.63394
1046,236,1.95,0.65616
1047,236,2.2125,0.68967
1048,237,2.5583,0.72905
1049,237,2.255,0.7465
1050,237,1.725,0.74504
1051,237,0.875,0.68665
1052,238,2.475,0.66921
1053,238,3.4,0.57453
1054,238,3.525,0.58785
1055,238,3.8083,0.61079
1056,238,4.065,0.6255
1057,238,3.625,0.65876
1058,239,0.75,0.16378
1059,239,0.75,0.16378
1060,239,0.75,0.16378
1061,239,0.75,0.16378
1062,239,0.75,0.16378
1063,240,2.5,0.5051
1064,240,2.5,0.5051
1065,240,2.5,0.5051
1066,240,2.5,0.5051
1067,240,2.5,0.5051
1068,240,2.5,0.5051
1069,240,2.5,0.5051
1070,240,2.5,0.5051
1071,240,2.5,0.5051
1072,240,2.5,0.5051
1073,240,2.5,0.5051
1074,240,2.5,0.5051
1075,240,2.5,0.5051
1076,241,0.55,0.88147
1077,241,0.55,0.88472
1078,241,0.55,0.88797
1079,242,0.25,0.8388
1080,242,0.25,1.1206
1081,243,0.45,1.0819
1082,243,0.45,1.0756
1083,243,0.45,1.0714
1084,244,0.25,0.73059
1085,244,0.25,0.73059
1086,244,0.25,0.73059
1087,244,0.25,0.73059
1088,244,0.25,0.73059
1089,244,0.25,0.72015
1090,244,0.25,0.69926
1091,245,1.3,0.80772
1092,245,1.45,0.78815
1093,245,1.55,0.89669
1094,246,1.665,0.38228
1095,246,1.665,0.38228
1096,246,2.725,0.4524
1097,246,2.725,0.4524
1098,247,0.1575,0.063231
1099,247,0.1575,0.063231
1100,248,0.45,0.19825
1101,248,0.45,0.19825
1102,249,1.095,0.28412
1103,249,0.465,0.22648
1104,250,0.3,0.10102
1105,250,0.3,0.10102
1106,251,1,0.25255
1107,251,1,0.25255
1108,251,1,0.25255
1109,252,0.3,0.10102
1110,252,0.3,0.10102
1111,252,0.3,0.10102
1112,252,0.3,0.10102
1113,253,0.5,0.17704
1114,253,0.5,0.17704
1115,253,0.5,0.17704
1116,254,0.28,0.11367
1117,254,0.28,0.11367
1118,255,0.735,0.27773
1119,255,0.405,0.28155
1120,255,0.315,0.27526
1121,256,1.4,0.99822
1122,256,1.15,0.95474
1123,256,1.2833,1.0314
1124,256,1.3,1.0558
1125,257,0.725,0.57737
1126,257,0.875,0.59197
1127,257,0.725,0.53003
1128,257,0.575,0.4681
1129,258,0.15,0.64092
1130,258,0.15,0.64092
1131,258,0.35,0.87952
1132,258,0.45,1.0279
1133,258,0.475,1.1006
1134,258,0.5,1.1734
1135,258,0.425,1.0312
1136,258,0.35,0.88902
1137,259,0.525,0.58443
1138,259,0.675,0.52239
1139,259,0.675,0.52239
1140,260,4.375,0.68952
1141,260,4.375,0.68952
1142,260,4.375,0.68952
1143,260,4.875,0.69163
1144,260,4.875,0.69163
1145,260,4.875,0.69163
1146,260,7.45,0.8185
1147,260,7.45,0.8185
1148,261,0.685,0.58866
1149,261,0.325,0.4855
1150,261,0.875,0.62862
1151,262,0.47,0.18553
1152,262,0.44,0.18373
1153,262,0.46,0.18574
1154,263,0.485,0.15198
1155,263,0.46,0.15498
1156,263,0.43,0.15558
1157,264,0.73,0.15628
1158,264,0.66,0.15259
1159,264,0.64333,0.16344
1160,265,0.515,0.15603
1161,265,0.55,0.15426
1162,265,0.53,0.15631
1163,266,0.63,0.15999
1164,266,0.62,0.16088
1165,266,0.59,0.16149
1166,266,0.57,0.15639
1167,267,0.4,0.10102
1168,267,0.4,0.10102
1169,267,0.4,0.10102
1170,267,0.4,0.10102
1171,267,0.4,0.10102
1172,267,0.4,0.10102
1173,267,0.4,0.10102
1174,267,0.4,0.10102
1175,267,0.4,0.10102
1176,267,0.4,0.10102
1177,267,0.4,0.10102
1178,267,0.4,0.10102
1179,267,0.4,0.10102
1180,267,0.4,0.10102
1181,267,0.4,0.10102
1182,267,0.4,0.10102
1183,267,0.4,0.10102
1184,267,0.4,0.10102
1185,268,2.55,0.92908
1186,268,2.65,0.91083
1187,268,3.65,0.89848
1188,268,3.05,0.92827
1189,268,2.3167,0.98415
1190,269,6.05,1.0736
1191,269,5.8167,1.0603
1192,269,5.6,1.0639
1193,269,5.7,0.91433
1194,269,5.8,0.89689
1195,269,6.0167,0.86775
1196,269,5.8833,0.95867
1197,269,5.7,0.90976
1198,269,5.55,0.87297
1199,269,4.95,0.91495
1200,270,2.475,0.58888
1201,270,2.475,0.58888
1202,270,2.325,0.56059
1203,270,2.325,0.56059
1204,271,1.675,0.48957
1205,271,1.675,0.48957
1206,271,0.875,0.42024
1207,271,0.875,0.42024
1208,272,3.1,0.98551
1209,272,3.05,0.89608
1210,272,2.7167,0.9066
1211,273,0.475,0.11037
1212,273,0.44,0.11564
1213,273,0.425,0.11933
1214,273,0.425,0.11405
1215,273,0.445,0.10967
1216,273,0.415,0.11018
1217,273,0.385,0.1107
1218,273,0.335,0.11147
1219,273,0.375,0.11184
1220,274,0.485,0.11974
1221,274,0.435,0.11749
1222,274,0.435,0.11554
1223,274,0.445,0.1133
1224,274,0.43,0.11278
1225,275,1.59,0.33181
1226,275,1.53,0.30825
1227,275,1.515,0.31659
1228,275,1.545,0.32683
1229,276,0.98333,0.81779
1230,276,0.78333,0.78784
1231,277,0.875,0.5876
1232,277,0.8,0.58188
1233,277,0.725,0.53964
1234,278,2.025,0.65139
1235,278,1.425,0.61429
1236,279,0.2025,0.06515
1237,279,0.2475,0.064178
1238,280,2,0.5051
1239,280,2,0.5051
1240,280,2,0.5051
1241,280,2,0.5051
1242,280,2,0.5051
1243,280,2,0.5051
1244,280,2,0.5051
1245,280,2,0.5051
1246,280,2,0.5051
1247,280,2,0.5051
1248,280,2,0.5051
1249,280,2,0.5051
1250,280,2,0.5051
1251,281,1,0.25255
1252,281,1,0.25255
1253,281,1,0.25255
1254,281,1,0.25255
1255,281,1,0.25255
1256,281,1,0.25255
1257,282,1.5,0.25255
1258,282,1.5,0.25255
1259,282,1.5,0.25255
1260,282,1.5,0.25255
1261,282,1.5,0.25255
1262,282,1.5,0.25255
1263,282,1.5,0.25255
1264,283,1.225,0.52614
1265,283,1,0.54518
1266,283,0.875,0.57158
1267,284,0.915,0.27847
1268,284,0.765,0.2671
1269,284,0.75,0.27365
1270,284,0.735,0.2802
1271,284,0.765,0.26921
1272,284,0.765,0.26921
1273,284,0.825,0.26981
1274,284,0.885,0.27041
1275,285,0.375,0.46871
1276,285,0.325,0.45854
1277,286,3.6,0.88657
1278,286,5.025,0.94001
1279,287,0.625,0.54662
1280,287,0.625,0.54662
1281,288,0.5,0.59257
1282,288,0.45,0.55957
1283,289,0.43,0.15478
1284,289,0.43,0.15454
1285,289,0.43,0.15754
1286,290,0.44,0.15203
1287,290,0.47,0.15306
1288,290,0.45,0.15396
1289,291,1.075,0.62272
1290,291,0.975,0.58421
1291,291,0.625,0.49472
1292,292,0.775,0.5352
1293,292,0.925,0.57197
1294,292,1.175,0.58385
1295,293,1.75,0.88043
1296,293,2.35,0.9683
1297,293,2.9,0.99867
1298,293,2.85,0.94117
1299,293,3.15,1.3407
1300,294,1.1,0.64602
1301,294,0.525,0.52847
1302,295,1.8583,0.52496
1303,295,1.5917,0.50083
1304,295,1.5,0.50058
1305,296,2.25,0.27781
1306,296,2.25,0.27781
1307,296,2.25,0.27781
1308,297,1.95,0.25255
1309,297,1.95,0.25255
1310,298,0.39,0.15918
1311,298,0.41,0.15309
1312,299,0.825,0.30133
1313,299,0.825,0.30133
1314,300,0.225,0.46571
1315,300,0.375,0.45795
1316,300,0.35833,0.44435
1317,301,0.45,0.73968
1318,301,0.45,0.73968
1319,302,0.405,0.29092
1320,302,0.675,0.30116
1321,303,0.345,0.2847
1322,303,0.585,0.31826
1323,304,0.26,0.12122
1324,304,0.26,0.12122
1325,304,0.26,0.12122
1326,304,0.26,0.12122
1327,304,0.26,0.12122
1328,304,0.26,0.12122
1329,305,0.215,0.068189
1330,305,0.215,0.068189
1331,305,0.215,0.068189
1332,305,0.215,0.068189
1333,305,0.215,0.068189
1334,306,0.215,0.068189
1335,306,0.215,0.068189
1336,306,0.215,0.068189
1337,306,0.215,0.068189
1338,306,0.215,0.068189
1339,306,0.215,0.068189
1340,306,0.215,0.068189
1341,307,0.8375,0.65148
1342,307,3.75,0.78868
1343,307,3.6667,0.7315
1344,307,3.825,0.68559
1345,307,4.175,0.60257
1346,307,3.3417,0.59834
1347,308,0.51,0.20032
1348,308,0.29,0.21375
1349,308,0.4,0.2169
1350,308,0.51,0.22005
1351,308,0.51,0.22005
1352,308,0.51,0.21424
1353,308,0.27,0.20996
1354,308,0.27,0.20996
1355,308,0.19,0.20861
1356,308,0.19,0.20861
1357,309,0.75,0.87992
1358,309,0.75,0.91822
1359,310,0.5075,0.14828
1360,310,0.56,0.15122
1361,311,0.41,0.14607
1362,311,0.47,0.15236
1363,312,0.365,0.13012
1364,312,0.365,0.13012
1365,313,3.9917,0.60823
1366,313,3.725,0.63452
1367,313,3.5917,0.66251
1368,313,3.025,0.59545
1369,313,3.125,0.58704
1370,313,2.675,0.65963
1371,313,2.875,0.66724
1372,314,3.35,1.1981
1373,314,3.35,1.1981
1374,315,4.35,1.3704
1375,315,4.35,1.3704
1376,316,2.7,0.34082
1377,316,2.7,0.34082
1378,316,2.7,0.34082
1379,316,2.7,0.34082
1380,317,2.1,0.26531
1381,317,2.1,0.26531
1382,317,2.1,0.26531
1383,317,2.1,0.26531
1384,318,2,0.2523
1385,318,2,0.2523
1386,318,2,0.2523
1387,318,2,0.2523
1388,319,6.5,2.3466
1389,319,6.5,2.3466
1390,320,0.385,0.11147
1391,320,0.385,0.11147
1392,321,0.265,0.079746
1393,321,0.265,0.079746
1394,321,0.235,0.07983
1395,321,0.255,0.080444
1396,321,0.275,0.081057
1397,322,0.15,0.63867
1398,322,0.125,0.46091
1399,322,0.125,0.46091
1400,322,0.35,0.68488
1401,322,0.75,0.84647
1402,323,0.1525,0.049221
1403,323,0.1475,0.049164
1404,323,0.14583,0.048298
1405,324,1.175,0.40809
1406,324,1.175,0.4009
1407,324,1.3083,0.38637
1408,324,1.1875,0.38364
1409,325,0.45,0.94953
1410,325,0.75,1.1988
1411,325,0.76667,1.3173
1412,325,0.5,1.3049
1413,326,0.68333,0.9773
1414,326,0.45,0.82879
1415,326,0.95,0.85786
1416,326,0.45,0.79305
1417,327,0.825,0.25244
1418,327,0.675,0.24202
1419,327,0.495,0.24564
1420,328,0.615,0.27745
1421,328,0.435,0.27119
1422,329,1.175,0.63406
1423,329,1.175,0.63406
1424,330,2.15,0.45547
1425,330,2.675,0.45524
1426,330,1.775,0.50768
1427,330,1.85,0.50361
1428,331,1.5,0.5051
1429,331,1.5,0.5051
1430,331,1.5,0.5051
1431,331,1.5,0.5051
1432,331,1.5,0.5051
1433,331,1.5,0.5051
1434,331,1.5,0.5051
1435,331,1.5,0.5051
1436,331,1.5,0.5051
1437,331,1.5,0.5051
1438,331,1.5,0.5051
1439,331,1.5,0.5051
1440,331,1.5,0.5051
1441,331,1.5,0.5051
1442,331,1.5,0.5051
1443,331,1.5,0.5051
1444,331,1.5,0.5051
1445,331,1.5,0.5051
1446,331,1.5,0.5051
1447,332,1.575,0.45862
1448,332,1.575,0.45862
1449,332,0.975,0.41531
1450,332,0.975,0.41531
1451,333,0.525,0.59071
1452,333,0.575,0.60526
1453,333,0.675,0.62273
1454,333,0.775,0.64019
1455,333,0.75,0.7082
1456,334,2.625,0.69168
1457,334,3.3583,0.69873
1458,334,3.025,0.73481
1459,335,1.25,0.92028
1460,335,1.5833,0.90097
1461,335,1.95,0.92683
1462,336,0.91667,0.9117
1463,336,0.85,0.75132
1464,336,0.65,0.60242
1465,337,0.175,0.50834
1466,337,0.3,0.59858
1467,337,0.51667,0.71808
1468,337,0.75,0.76216
1469,338,2.975,0.60991
1470,338,3.125,0.70711
1471,339,4.175,0.64605
1472,339,4.225,0.62674
1473,339,4.275,0.60743
1474,340,0.645,0.29568
1475,340,0.645,0.29568
1476,341,3.7,0.46709
1477,341,3.7,0.46709
1478,342,3,0.37883
1479,342,3,0.37883
1480,343,2,0.25255
1481,343,2,0.25255
1482,344,2.25,0.27781
1483,344,2.25,0.27781
1484,345,2,0.25255
1485,345,2,0.25255
1486,346,0.885,0.35091
1487,346,1.035,0.33501
1488,346,1.185,0.31912
1489,346,1.3375,0.26753
1490,346,1.49,0.21594
1491,347,1.425,0.58899
1492,347,1.425,0.58899
1493,347,1.325,0.60166
1494,347,1.325,0.60166
1495,348,0.55,0.15763
1496,348,0.53,0.15734
1497,349,0.825,0.34745
1498,349,0.825,0.34745
1499,349,0.825,0.34745
1500,349,2.115,0.36608
1501,349,2.115,0.36608
1502,349,1.625,0.42719
1503,349,1.625,0.42719
1504,350,1.5,0.5051
1505,350,1.5,0.5051
1506,350,1.5,0.5051
1507,350,1.5,0.5051
1508,350,1.5,0.5051
1509,350,1.5,0.5051
1510,350,1.5,0.5051
1511,350,1.5,0.5051
1512,350,1.5,0.5051
1513,350,1.5,0.5051
1514,350,1.5,0.5051
1515,350,1.5,0.5051
1516,350,1.5,0.5051
1517,350,1.5,0.5051
1518,350,1.5,0.5051
1519,350,1.5,0.5051
1520,350,1.5,0.5051
1521,350,1.5,0.5051
1522,351,0.125,0.46801
1523,351,0.25,0.65835
1524,351,0.25,0.64596
1525,352,0.7,1.4961
1526,352,0.7,1.4961
1527,353,0.95,0.87936
1528,353,0.95,0.87936
1529,353,1.35,0.82558
1530,353,1.575,0.64435
1531,353,1.725,0.61512
1532,353,1.875,0.58589
1533,353,1.85,0.60038
1534,353,1.825,0.61488
1535,354,1.45,0.75461
1536,354,1.475,0.67741
1537,355,1.45,1.1717
1538,355,1.05,1.1126
1539,355,1.05,1.103
1540,355,1.15,1.1593
1541,355,0.8,1.1342
1542,355,0.86667,1.1634
1543,355,0.875,1.2942
1544,356,1.375,0.6399
1545,356,1.375,0.67728
1546,357,0.25,0.95345
1547,357,0.25,0.95345
1548,358,0.4,0.076531
1549,358,0.4,0.076531
1550,358,0.4,0.076531
1551,358,0.4,0.076531
1552,359,2.45,0.86197
1553,359,2.35,0.82368
1554,359,2.1,0.83928
1555,359,1.05,0.75944
1556,359,1.05,0.75944
1557,359,1.05,0.7194
1558,360,0.35,0.77417
1559,360,0.4,0.77951
1560,360,0.45,0.78485
1561,360,0.35,0.76149
1562,361,0.675,0.32399
1563,361,0.6,0.31532
1564,361,0.525,0.30664
1565,362,1.075,0.59271
1566,362,0.875,0.59934
1567,362,0.725,0.57852
1568,363,0.375,0.5811
1569,363,0.3,0.53396
1570,363,0.275,0.51636
1571,364,0.9,0.72095
1572,364,0.25,0.094388
1573,364,0.25,0.094388
1574,365,0.47,0.18133
1575,365,0.49,0.2573
1576,366,0.45,0.6926
1577,366,0.4125,0.67138
1578,366,0.375,0.65017
1579,367,0.525,0.5771
1580,367,0.375,0.54294
1581,368,2.075,0.61458
1582,368,2.075,0.61458
1583,368,2.275,0.57658
1584,368,1.875,0.57149
1585,368,1.475,0.5664
1586,369,1.15,0.64359
1587,369,1.45,0.62404
1588,369,1.85,0.70423
1589,369,2.75,0.81747
1590,369,4.6375,0.79573
1591,369,6.475,0.74728
1592,370,1.275,0.69202
1593,370,0.975,0.59555
1594,370,0.975,0.59555
1595,370,0.725,0.67378
1596,370,0.725,0.67378
1597,371,0.25,0.8629
1598,371,0.25,0.8629
1599,372,0.445,0.10652
1600,372,0.445,0.10652
1601,373,2.025,0.66002
1602,373,2.025,0.66002
1603,374,1.325,0.54145
1604,374,1.325,0.54145
1605,375,1.025,0.45556
1606,375,1.525,0.49915
1607,375,1.525,0.49915
1608,376,0.825,0.37467
1609,376,0.825,0.37467
1610,376,0.575,0.46577
1611,377,0.555,0.35239
1612,377,0.555,0.35239
1613,377,0.555,0.35239
1614,377,0.555,0.35239
1615,378,0.41,0.15714
1616,378,0.41,0.15767
1617,379,1.065,0.37452
1618,379,1.26,0.37971
1619,379,1.155,0.38259
1620,380,0.735,0.24795
1621,380,0.735,0.24795
1622,381,0.425,0.50205
1623,381,0.5,0.5123
1624,381,0.575,0.52255
1625,381,0.775,0.52032
1626,382,0.495,0.23362
1627,382,0.5175,0.23864
1628,383,0.35,0.70675
1629,383,0.35,0.70675
1630,383,0.35,0.70675
1631,383,0.35,0.71621
1632,383,0.35,0.72566
1633,383,0.35,0.72566
1634,383,0.4,0.78201
1635,383,0.45,0.83835
1636,383,0.45,0.83835
1637,384,1.25,1.2167
1638,384,1.25,1.2167
1639,385,0.75,1.2713
1640,385,0.75,1.2713
1641,386,0.95,0.96057
1642,386,0.975,0.9047
1643,387,0.44333,0.18807
1644,387,0.426,0.18441
1645,388,0.55,0.82764
1646,388,0.55,0.82764
1647,389,0.75,0.76114
1648,389,0.75,0.76114
1649,390,0.925,0.62715
1650,390,0.725,0.56238
1651,391,1.575,0.61262
1652,391,1.575,0.61262
1653,392,0.2175,0.064359
1654,392,0.2275,0.064137
1655,393,0.95,0.73175
1656,393,0.95,0.73175
1657,394,0.1975,0.064885
1658,394,0.1975,0.064885
1659,395,1.925,0.695
1660,395,1.925,0.695
1661,396,0.45,0.57971
1662,396,0.4,0.59294
1663,397,1.25,0.91626
1664,397,1.25,0.91626
1665,398,1.185,0.3625
1666,398,0.435,0.35895
1667,399,0.765,0.2972
1668,399,0.765,0.2972
1669,400,0.915,0.3769
1670,400,1.095,0.38403
1671,400,1.275,0.39116
1672,400,1.365,0.37821
1673,400,1.365,0.37821
1674,400,1.38,0.37844
1675,400,1.395,0.37866
1676,400,1.725,0.40783
1677,400,1.725,0.40783
1678,401,0.65,1.0671
1679,401,0.65,1.0633
1680,401,0.65,1.034
1681,401,0.65,1.0086
1682,402,1.45,1.1027
1683,402,0.45,0.8849
1684,403,0.54,0.15455
1685,403,0.522,0.15415
1686,403,0.45667,0.15463
1687,404,0.43,0.1575
1688,404,0.398,0.15813
1689,404,0.43,0.15321
1690,405,2.2,0.12602
1691,405,2.2,0.12602
1692,406,3.1,1.1277
1693,406,3.6,1.133
1694,406,3.85,1.1396
1695,406,4.25,1.0577
1696,407,3.6,0.67752
1697,407,4.2167,0.69511
1698,407,4.9417,0.83379
1699,407,5.5625,0.84702
1700,407,5.8125,0.78995
1701,408,2.15,0.99888
1702,408,1.9167,0.96688
1703,408,2.075,0.92929
1704,408,1.75,0.96115
1705,408,1.55,0.94182
1706,408,1.45,0.92508
1707,409,0.475,0.42229
1708,409,0.4,0.44434
1709,409,0.375,0.47858
1710,410,3,1.0102
1711,410,3,1.0102
1712,410,3,1.0102
1713,410,3,1.0102
1714,410,3,1.0102
1715,410,3,1.0102
1716,411,3,1.0102
1717,411,3,1.0102
1718,411,3,1.0102
1719,411,3,1.0102
1720,412,1.695,0.38625
1721,412,1.8525,0.37423
1722,412,1.941,0.36851
1723,412,1.83,0.37306
1724,412,1.875,0.37837
1725,413,0.045,0.01637
1726,413,0.057,0.016284
1727,413,0.057,0.016111
1728,413,0.057,0.016024
1729,414,1.225,0.70556
1730,414,1.15,0.67695
1731,414,1.075,0.64834
1732,414,0.85,0.71894
1733,415,2.15,0.8226
1734,415,2.25,0.8747
1735,416,0.105,0.3246
1736,416,0.275,0.49994
1737,417,4.95,0.8887
1738,417,4.05,0.86898
1739,417,3.15,0.84926
1740,418,0.38,0.15845
1741,418,0.44333,0.15811
1742,418,0.48333,0.15653
1743,419,11,5.5561
1744,419,11,5.5561
1745,419,11,5.5561
1746,419,11,5.5561
1747,419,11,5.5561
1748,419,11,5.5561
1749,419,11,5.5561
1750,419,11,5.5561
1751,419,11,5.5561
1752,419,11,5.5561
1753,419,11,5.5561
1754,419,11,5.5561
1755,419,11,5.5561
1756,419,11,5.5561
1757,420,0.1,0.025255
1758,420,0.1,0.025255
1759,420,0.1,0.025255
1760,420,0.1,0.025255
1761,421,0.5,0.20204
1762,421,0.5,0.20204
1763,421,0.5,0.20204
1764,421,0.5,0.20204
1765,421,0.5,0.20204
1766,421,0.5,0.20204
1767,421,0.5,0.20204
1768,421,0.5,0.20204
1769,421,0.5,0.20204
1770,422,3,1.0102
1771,422,3,1.0102
1772,422,3,1.0102
1773,422,3,1.0102
1774,422,3,1.0102
1775,422,3,1.0102
1776,422,3,1.0102
1777,423,3,0.75765
1778,423,3,0.75765
1779,423,3,0.75765
1780,423,3,0.75765
1781,423,3,0.75765
1782,423,3,0.75765
1783,424,3,0.75765
1784,424,3,0.75765
1785,424,3,0.75765
1786,424,3,0.75765
1787,424,3,0.75765
1788,424,3,0.75765
1789,424,3,0.75765
1790,425,1.65,1.0026
1791,425,1.9167,1.0183
1792,425,1.6833,0.93794
1793,425,1.35,0.82107
1794,426,0.725,0.48002
1795,426,0.525,0.39825
1796,427,0.55,0.47423
1797,427,0.64167,0.45278
1798,428,0.063,0.020167
1799,428,0.063,0.020167
1800,429,2.5583,0.70618
1801,429,2.3083,0.71463
1802,429,2.9375,0.75811
1803,429,3.625,0.76672
1804,430,0.225,0.43176
1805,430,0.225,0.43176
1806,431,0.335,0.11126
1807,431,0.335,0.11086
1808,431,0.29,0.11194
1809,431,0.275,0.11081
1810,431,0.355,0.11321
1811,432,0.43,0.1934
1812,432,0.37286,0.18883
1813,432,0.35,0.187
1814,433,0.22125,0.064686
1815,433,0.2125,0.06397
1816,433,0.21417,0.063827
1817,433,0.2435,0.064342
1818,433,0.2385,0.063958
1819,433,0.21,0.064362
1820,433,0.20917,0.065069
1821,433,0.22,0.06405
1822,434,0.049,0.0162
1823,434,0.051,0.016301
1824,434,0.0505,0.016518
1825,434,0.053,0.01623
1826,435,0.225,0.55841
1827,435,0.225,0.55841
1828,436,2,0.25255
1829,436,2,0.25255
1830,436,2,0.25255
1831,437,1.95,0.25255
1832,437,1.95,0.25255
1833,437,1.95,0.25255
1834,437,1.95,0.25255
1835,438,0.2,0.05051
1836,438,0.2,0.05051
1837,438,0.2,0.05051
1838,439,1.0625,0.76228
1839,439,1.2625,0.78403
1840,439,1.7,0.91021
1841,439,2.3,0.90796
1842,439,2.45,0.91179
1843,439,2.2,0.94609
1844,439,2.65,0.94807
1845,440,2.7,0.34082
1846,440,2.7,0.34082
1847,441,2.75,0.34107
1848,441,2.75,0.34107
1849,442,2,0.25255
1850,442,2,0.25255
1851,443,0.59167,0.4445
1852,443,0.55,0.44918
1853,443,0.475,0.44138
1854,444,0.25,1.028
1855,444,0.26667,1.0914
1856,444,0.3,1.2181
1857,445,0.525,0.44699
1858,445,0.525,0.44699
1859,445,0.275,0.43965
1860,446,2.45,1.1364
1861,446,2.45,1.1364
1862,446,1.85,1.0111
1863,447,0.95,1.2397
1864,447,0.95,1.2397
1865,447,1.25,1.2739
1866,447,2.3,1.4291
1867,447,2.3,1.4291
1868,448,0.1675,0.048225
1869,448,0.1625,0.049715
1870,449,1.45,0.72843
1871,449,1.45,0.72843
1872,450,1.1,0.80806
1873,450,1.2,0.76656
1874,450,1.15,0.78744
1875,450,0.9625,0.74393
1876,450,0.9625,0.68448
1877,450,1.6,0.766
1878,451,0.1625,0.049231
1879,451,0.1525,0.048735
1880,452,0.35,0.71356
1881,452,0.41667,0.78278
1882,452,0.45,0.69565
1883,453,0.55,0.84486
1884,453,0.55,0.83292
1885,453,0.65,0.95497
1886,454,0.95,1.1271
1887,454,0.8,0.88403
1888,454,0.65,0.8223
1889,455,1.825,0.63426
1890,455,1.625,0.54583
1891,456,0.465,0.30234
1892,456,0.735,0.31242
1893,457,0.5625,0.30376
1894,457,0.495,0.31015
1895,458,0.255,0.30965
1896,458,0.405,0.31113
1897,459,2.295,0.28831
1898,459,2.295,0.28831
1899,459,1.125,0.31911
1900,459,1.125,0.31911
1901,460,1.775,0.64714
1902,460,1.575,0.62474
1903,460,1.375,0.60234
1904,460,0.975,0.54502
1905,461,3,0.5051
1906,461,3,0.5051
1907,462,3.3,0.45459
1908,462,3.3,0.45459
1909,463,0.375,0.12669
1910,463,0.30167,0.12669
1911,463,0.307,0.12731
1912,463,0.34167,0.12743
1913,464,2.7,0.34082
1914,464,2.7,0.34082
1915,465,2.7,0.34082
1916,465,2.7,0.34082
1917,466,0.275,0.61184
1918,466,0.65,0.76742
1919,466,0.55,0.81054
1920,466,0.5,0.79678
1921,466,0.4875,0.71641
1922,466,0.4875,0.71395
1923,466,0.45,0.77809
1924,466,0.45,0.82686
1925,467,0.575,0.59593
1926,467,0.425,0.61273
1927,467,0.625,0.62106
1928,468,0.5,0.58328
1929,468,0.425,0.5816
1930,468,0.65,0.59979
1931,469,0.625,0.58016
1932,469,0.625,0.60258
1933,469,0.575,0.59045
1934,469,0.675,0.61213
1935,470,1.175,0.63371
1936,470,1.135,0.57682
1937,470,1.3125,0.56702
1938,470,1.6375,0.59536
1939,471,1,0.25255
1940,471,1,0.25255
1941,471,0.5,1.4406
1942,471,0.7,1.4772
1943,471,1.4,1.5502
1944,471,2,1.7229
1945,472,4.7,2.0743
1946,472,4.7,2.0743
1947,472,4,0.75765
1948,472,4,0.75765
1949,472,4,0.75765
1950,472,4,0.75765
1951,472,4,0.75765
1952,472,4,0.75765
1953,472,4,0.75765
1954,472,4,0.75765
1955,472,4,0.75765
1956,472,4,0.75765
1957,472,4,0.75765
1958,473,0.5,0.15153
1959,473,0.5,0.15153
1960,473,0.5,0.15153
1961,473,0.5,0.15153
1962,474,1,0.25255
1963,474,1,0.25255
1964,474,1,0.25255
1965,474,1,0.25255
1966,474,1,0.25255
1967,474,1,0.25255
1968,474,1,0.25255
1969,474,1,0.25255
1970,474,1,0.25255
1971,474,1,0.25255
1972,474,1,0.25255
1973,474,1,0.25255
1974,474,1,0.25255
1975,474,1,0.25255
1976,475,1,0.25255
1977,475,1,0.25255
1978,475,1,0.25255
1979,475,1,0.25255
1980,476,0.975,0.56599
1981,476,0.975,0.56599
1982,476,0.675,0.56952
1983,476,0.675,0.56952
1984,477,2,0.5051
1985,477,2,0.5051
1986,477,2,0.5051
1987,477,2,0.5051
1988,478,2.5,2.2197
1989,478,2.5,2.2197
1990,479,0.3,1.2945
1991,479,0.3,1.2945
1992,480,1.5,1.8977
1993,480,1.5,1.8977
1994,481,3.5,1.6418
1995,481,1.5,1.3784
1996,482,1.35,0.75464
1997,482,1.35,0.72342
1998,483,2.3,0.29031
1999,483,2.3,0.29031
2000,484,4.1,0.5176
2001,484,4.1,0.5176
2002,484,4.1,0.5176
2003,485,1.55,0.77921
2004,485,1.85,0.89642
2005,486,0.57,0.29738
2006,486,0.7425,0.29
2007,486,0.945,0.27684
2008,486,0.965,0.28495
2009,486,0.995,0.28255
2010,486,1.005,0.28575
2011,486,0.885,0.28521
2012,486,0.765,0.29276
2013,486,0.645,0.28582
2014,486,0.675,0.30887
2015,487,2.025,0.70868
2016,487,2.025,0.70868
2017,487,1.475,0.72928
2018,487,1.475,0.72928
2019,488,3.125,0.71688
2020,488,3.125,0.71688
2021,488,1.975,0.7669
2022,488,1.975,0.7669
2023,489,0.5,0.1555
2024,489,0.55,0.15382
2025,489,0.6,0.15538
2026,489,0.57,0.15897
2027,489,0.63,0.15364
2028,490,0.48333,0.15271
2029,490,0.35,0.15343
2030,491,0.645,0.30884
2031,491,0.735,0.27886
2032,492,0.95,0.9615
2033,492,0.95,0.9615
2034,493,4.4625,0.83176
2035,493,4.575,0.71639
2036,493,3.675,0.68577
2037,493,2.45,0.63191
2038,493,1.9083,0.60599
2039,493,2.2,0.59621
2040,493,2.425,0.59072
2041,493,2.375,0.65825
2042,493,2.25,0.76772
2043,494,0.75,0.79671
2044,494,0.95,0.85715
2045,494,1.15,0.81066
2046,494,1.0167,0.91497
2047,494,1.35,0.91599
2048,494,1.35,1.1384
2049,495,0.55,0.88654
2050,495,0.85,0.84075
2051,496,0.7,1.9638
2052,496,0.7,1.9143
2053,497,0.35,0.15794
2054,497,0.35,0.15426
2055,497,0.39,0.16425
2056,498,0.625,0.39606
2057,498,0.75,0.42839
2058,498,0.845,0.41861
2059,498,0.8425,0.37357
2060,498,0.935,0.387
2061,498,0.785,0.39787
2062,499,0.775,0.53228
2063,499,1.175,0.58077
2064,499,1.05,0.55865
2065,499,1.125,0.53317
2066,499,1.275,0.58742
2067,499,1.6125,0.66635
2068,499,1.95,0.74528
2069,500,1.95,0.82466
2070,500,2.2688,0.72581
2071,500,3.1,0.76318
2072,500,3.3667,0.71793
2073,500,3.9417,0.72725
2074,501,1.05,0.83724
2075,501,1.2,0.79462
2076,501,1.45,0.77217
2077,501,1.8,0.8986
2078,501,2.05,0.92225
2079,501,2.15,1.0104
2080,501,3.85,0.94974
2081,501,4.35,1.08
2082,502,0.95,0.73107
2083,502,0.75833,0.69478
2084,502,0.6,0.65602
2085,502,0.65,0.68493
2086,503,0.705,0.30818
2087,503,0.63,0.30838
2088,503,0.525,0.30674
2089,504,1.175,0.67125
2090,504,1.2125,0.75171
2091,504,1.25,0.83217
2092,505,1.05,0.74639
2093,505,0.725,0.67335
2094,505,0.675,0.67572
2095,505,0.525,0.65452
2096,505,0.475,0.60184
2097,505,0.475,0.57089
2098,506,7.125,0.64254
2099,506,6.075,0.64213
2100,506,5.8,0.59712
2101,506,4.825,0.51415
2102,506,5.025,0.53318
2103,506,5.425,0.55985
2104,507,5.525,0.51511
2105,507,5.725,0.4951
2106,507,5.925,0.54251
2107,507,6.125,0.55613
2108,508,6.125,0.58559
2109,508,5.8,0.57066
2110,508,5.05,0.55652
2111,508,4.625,0.5573
2112,508,3.925,0.57609
2113,509,5.65,0.85814
2114,509,5.3625,0.82081
2115,509,5.075,0.78349
2116,510,0.45,0.79384
2117,510,0.45,0.79384
2118,511,1.95,0.82434
2119,511,2.65,0.82686
2120,511,2.3,0.83788
2121,511,1.95,0.84891
2122,511,2.15,0.87361
2123,511,2.15,0.79202
2124,511,2.75,0.8292
2125,511,2.85,0.80692
2126,511,2.95,0.78465
2127,511,3.75,0.79678
2128,511,4.35,0.99839
2129,512,0.7,1.37
2130,512,0.7,1.2781
2131,513,4.25,1.1403
2132,513,4.25,1.1403
2133,514,0.69,0.18455
2134,514,0.39,0.15671
2135,514,0.43,0.17411
2136,515,0.41,0.15907
2137,515,0.35,0.14742
2138,516,0.41,0.15347
2139,516,0.41,0.15347
2140,517,0.37,0.1606
2141,517,0.37,0.16004
2142,517,0.4,0.16417
2143,517,0.38,0.16198
2144,518,0.275,0.4737
2145,518,0.275,0.4737
2146,519,0.225,0.51166
2147,519,0.225,0.51166
2148,520,0.625,0.47196
2149,520,0.625,0.45165
2150,520,0.625,0.43134
2151,520,0.725,0.40731
2152,520,0.825,0.41047
2153,520,0.925,0.41363
2154,520,0.675,0.42425
2155,520,0.925,0.43067
2156,520,1.175,0.43708
2157,520,0.975,0.41708
2158,521,1.05,0.91275
2159,521,1,0.89651
2160,521,0.95,0.88027
2161,521,1,0.92349
2162,521,1.05,0.96671
2163,521,1.35,1.0115
2164,521,1.35,1.0366
2165,521,1.35,1.0617
2166,521,1.75,1.1634
2167,522,1.375,0.40972
2168,522,1.225,0.40508
2169,522,0.99167,0.40839
2170,522,0.825,0.42429
2171,522,0.665,0.42572
2172,522,0.55833,0.41879
2173,523,1.115,0.3811
2174,523,1.155,0.37217
2175,523,1.035,0.37375
2176,523,1.11,0.37322
2177,523,1.2825,0.39397
2178,524,0.925,0.45964
2179,524,0.925,0.45964
2180,524,0.65,0.41079
2181,524,0.375,0.36194
2182,524,0.375,0.36194
2183,525,0.4025,0.14566
2184,525,0.365,0.13639
2185,525,0.3625,0.14326
2186,525,0.47,0.15081
2187,525,0.53,0.15261
2188,525,0.54,0.15472
2189,526,0.45,0.22171
2190,526,0.49,0.21762
2191,527,0.49,0.15347
2192,527,0.49,0.15347
2193,527,0.43,0.15645
2194,527,0.4,0.15431
2195,527,0.37,0.15218
2196,527,0.47,0.15624
2197,527,0.5,0.15679
2198,527,0.53,0.15734
2199,528,3.05,1.039
2200,528,3.05,1.039
2201,529,2.625,0.66562
2202,529,2.625,0.66562
2203,530,2.075,0.58349
2204,530,2.075,0.58349
2205,531,1.625,0.65094
2206,531,1.875,0.61073
2207,531,1.775,0.5668
2208,532,0.585,0.34757
2209,532,0.585,0.34757
2210,533,5.925,0.73378
2211,533,5.325,0.7025
2212,533,5.325,0.68404
2213,533,4.9917,0.65247
2214,533,4.825,0.64129
2215,534,0.775,0.42992
2216,534,0.775,0.42992
2217,535,1.325,0.48888
2218,535,0.525,0.36733
2219,535,0.725,0.40191
2220,536,2.5583,0.62949
2221,536,2.725,0.53483
2222,536,2.175,0.56347
2223,537,0.47,0.15338
2224,537,0.57667,0.15686
2225,537,0.55,0.15523
2226,538,2,2.5102
2227,538,2,2.5102
2228,538,2,2.5102
2229,538,2,2.5102
2230,538,2,2.5102
2231,538,2,2.5102
2232,538,2,2.5102
2233,538,2,2.5102
2234,538,2,2.5102
2235,538,2,2.5102
2236,539,0.16,0.048952
2237,539,0.1675,0.048887
2238,539,0.17917,0.049365
2239,539,0.1725,0.049184
2240,540,2.6,0.32832
2241,540,2.6,0.32832
2242,541,1.35,0.91134
2243,541,1.05,0.79723
2244,541,0.475,0.63286
2245,541,0.4125,0.67499
2246,541,0.4,0.69778
2247,541,0.55,0.7394
2248,541,0.575,0.64757
2249,542,0.85,1.0137
2250,542,0.8,0.98316
2251,542,0.45,0.89004
2252,542,0.45,0.7289
2253,542,0.225,0.63149
2254,542,0.65,0.68666
2255,543,0.325,0.51912
2256,543,0.325,0.51912
2257,543,0.825,0.5487
2258,543,0.825,0.5487
2259,544,0.825,0.38421
2260,544,0.80833,0.38301
2261,544,0.75,0.37011
2262,544,0.81,0.36147
2263,544,0.885,0.3663
2264,544,0.96,0.35688
2265,544,0.985,0.36798
2266,544,1.005,0.3585
2267,544,1.095,0.3609
2268,545,0.75,0.84274
2269,545,0.325,0.59795
2270,546,0.55,1.1008
2271,546,1.5,0.5051
2272,546,1.5,0.5051
2273,546,1.5,0.5051
2274,546,1.5,0.5051
2275,546,1.5,0.5051
2276,546,1.5,0.5051
2277,546,1.5,0.5051
2278,546,1.5,0.5051
2279,547,0.875,0.59853
2280,547,0.875,0.59853
2281,547,0.55,0.50755
2282,547,0.225,0.41656
2283,547,0.225,0.41656
2284,547,0.425,0.50886
2285,547,0.425,0.50886
2286,547,0.275,0.43613
2287,547,0.125,0.36341
2288,547,0.125,0.36341
2289,547,0.135,0.29867
2290,548,0.325,0.57797
2291,548,0.325,0.57797
2292,549,1.275,0.50517
2293,549,1.4,0.51074
2294,549,1.275,0.49265
2295,549,1.075,0.48215
2296,549,1.2,0.51221
2297,549,1.275,0.53356
2298,550,1.95,0.91355
2299,550,2.55,0.89442
2300,550,2.325,0.8953
2301,550,1.45,0.96852
2302,550,1.375,0.94642
2303,550,0.95,0.86314
2304,550,0.81,0.88329
2305,550,0.91667,0.91101
2306,550,0.85,0.90073
2307,550,0.57,0.83442
2308,550,0.4,0.71457
2309,551,0.35,1.0048
2310,551,0.15,0.65376
2311,552,1.1375,0.45583
2312,552,1.3625,0.46701
2313,552,1.475,0.47701
2314,553,4.75,0.83425
2315,553,4.35,0.90286
2316,553,4.35,0.922
2317,553,4.35,0.93156
2318,554,1.3,1.5
2319,554,0.35,0.94918
2320,555,0.27,0.2144
2321,555,0.23667,0.21322
2322,555,0.17,0.21087
2323,556,0.225,0.36552
2324,556,0.575,0.46382
