0,0,0.735,0.2829
1,0,0.528,0.24842
2,0,0.45,0.22455
3,1,0.1275,0.048343
4,1,0.1275,0.048343
5,2,1.065,0.32013
6,2,1.065,0.32013
7,3,0.55,0.83712
8,3,0.55,0.79105
9,3,0.55,0.80719
10,4,0.15,0.19746
11,4,0.34,0.20683
12,5,0.43,0.21626
13,5,0.45,0.21067
14,5,0.6525,0.26047
15,6,1.225,0.59014
16,6,1.525,0.62233
17,7,0.85,0.77659
18,7,0.85,0.77659
19,8,28.017,2.3335
20,8,20.917,4.2064
21,8,20.75,4.2273
22,9,24.75,3.5641
23,9,24.583,3.5139
24,9,24.25,3.4134
25,10,8.3,1.6912
26,10,8.7,1.6472
27,11,17.55,2.1343
28,11,16.95,2.2072
29,12,25.75,3.5961
30,12,26.25,3.2308
31,12,26.31,2.986
32,12,26.65,2.6159
33,12,26.85,2.4193
34,12,27.6,2.4045
35,12,27.85,2.4209
36,12,26.37,2.281
37,12,27.375,1.9519
38,12,26.9,1.6924
39,12,24.7,1.5943
40,12,25.1,1.668
41,13,24.9,1.6228
42,13,23.5,1.4694
43,13,25.3,1.3111
44,13,24.9,1.3561
45,13,24.5,1.4682
46,13,24.7,1.4635
47,13,24.9,1.4589
48,13,27.55,0.79998
49,13,29.25,0.7621
50,13,29.55,1.0197
51,13,29.35,1.0441
52,13,29.225,1.1378
53,13,29.1,1.2316
54,13,28.7,1.357
55,13,28.65,0.98522
56,13,27.95,0.87659
57,13,25.15,1.1072
58,13,24.425,1.1822
59,13,23.7,1.2573
60,13,23.7,1.4308
61,13,22.1,1.7365
62,14,12.45,0.86224
63,14,14.95,1.0846
64,14,14.95,1.0846
65,14,15.55,1.1404
66,14,18.7,1.277
67,14,18.275,1.1843
68,14,17.85,1.0916
69,14,16.55,1.1204
70,14,15.475,0.69678
71,14,12.7,1.3275
72,15,15.7,0.73469
73,15,15.7,0.73469
74,16,15.7,0.73469
75,16,15.7,0.73469
76,17,31.4,1.4179
77,17,31.4,1.4179
78,17,31.4,1.4179
79,17,31.4,1.4179
80,17,31.4,1.4179
81,17,31.4,1.4179
82,18,31.4,1.4179
83,18,31.4,1.4179
84,18,31.4,1.4179
85,18,31.4,1.4179
86,18,31.4,1.4179
87,18,31.4,1.4179
88,18,31.4,1.4179
89,18,31.4,1.4179
90,19,8.9,1.3595
91,19,5.6083,0.89026
92,19,3.65,0.73148
93,19,4.3583,0.62535
94,19,5.125,0.50334
95,19,6.05,0.68266
96,19,5.675,0.62358
97,19,5.125,0.58651
98,20,0.425,0.55485
99,20,0.45833,0.56141
100,20,0.94167,0.52872
101,20,1.0417,0.54576
102,20,1.325,0.58388
103,21,0.125,0.4077
104,21,0.125,0.4077
105,22,0.0975,0.03244
106,22,0.0975,0.03244
107,23,0.3,1.2634
108,23,0.3,1.3259
109,23,0.3,1.3883
110,24,0.15,1.1153
111,24,0.25,1.1627
112,24,0.1,1.1348
113,25,0.425,0.60543
114,25,0.425,0.609
115,25,0.425,0.61258
116,26,0.405,0.26795
117,26,0.285,0.28212
118,27,0.25,0.10077
119,27,0.25,0.10077
120,27,0.25,0.10077
121,28,0.47,0.17751
122,28,0.47,0.17512
123,29,0.405,0.32033
124,29,0.5325,0.3206
125,29,0.48,0.32095
126,29,0.42,0.31491
127,30,1.85,1.1295
128,30,3.3,1.0975
129,30,4.75,1.0656
130,30,5.05,1.059
131,30,5.75,0.85429
132,30,5.05,0.96312
133,30,5.05,0.96312
134,30,4.55,1.1398
135,31,3.05,0.76834
136,31,2.85,0.85001
137,32,3.45,0.74888
138,32,4.275,0.61522
139,32,5.175,0.48967
140,32,5.4883,0.37503
141,32,5.57,0.36939
142,32,5.45,0.39194
143,32,5.625,0.37117
144,32,5.525,0.42701
145,32,5.125,0.47828
146,33,0.35,0.14934
147,33,0.35,0.14741
148,34,0.225,0.28088
149,34,0.225,0.28088
150,35,0.915,0.32048
151,35,0.735,0.27679
152,36,0.5,0.22704
153,36,0.5,0.22704
154,36,0.5,0.22704
155,36,0.5,0.22704
156,36,0.5,0.22704
157,37,0.38,0.14944
158,37,0.36333,0.15458
159,37,0.42,0.15315
160,37,0.39,0.14485
161,37,0.47,0.15737
162,38,0.37,0.14658
163,38,0.4,0.14926
164,39,0.37,0.15037
165,39,0.37,0.14561
166,39,0.37,0.14689
167,40,0.915,0.36041
168,40,0.495,0.37331
169,40,0.735,0.34787
170,41,0.17,0.19008
171,41,0.17,0.19008
172,42,0.67,0.23219
173,42,0.23,0.21397
174,42,0.35,0.21883
175,43,0.41,0.15383
176,43,0.39667,0.14903
177,43,0.4,0.15019
178,44,0.45,0.14911
179,44,0.39,0.15056
180,45,0.43,0.18763
181,45,0.4,0.18279
182,45,0.33,0.18224
183,45,0.37,0.18814
184,46,0.405,0.23786
185,46,0.435,0.23385
186,46,0.51,0.23016
187,47,0.495,0.3133
188,47,0.495,0.3133
189,48,8.3,0.60612
190,48,5.15,0.9343
191,48,5.15,0.9343
192,48,5.45,0.9352
193,48,6.4,0.92939
194,48,7.35,0.92359
195,48,5.65,0.90501
196,48,6.35,0.9589
197,48,5.325,1.1446
198,48,4.3,1.3302
199,48,4.1,1.3078
200,48,4.1,1.3078
201,49,2.425,0.66407
202,49,2.425,0.66407
203,49,2.525,0.63891
204,49,2.625,0.61374
205,50,0.46333,0.16976
206,50,0.43,0.17479
207,50,0.39,0.17374
208,50,0.35,0.16305
209,50,0.33,0.17237
210,51,0.495,0.33215
211,51,0.495,0.33215
212,51,0.525,0.31716
213,51,0.555,0.30217
214,51,0.315,0.28482
215,51,0.075,0.26747
216,52,2.3,0.30306
217,52,2.3,0.30306
218,53,2.975,0.44888
219,53,2.6,0.51295
220,53,2.225,0.57702
221,54,0.33,0.14602
222,54,0.35667,0.14442
223,54,0.37,0.14362
224,55,0.435,0.26309
225,55,0.435,0.26309
226,56,0.435,0.23774
227,56,0.435,0.23774
228,57,0.405,0.25586
229,57,0.445,0.24392
230,57,0.495,0.245
231,57,0.495,0.25057
232,57,0.405,0.24612
233,58,0.85,0.65574
234,58,0.78333,0.65754
235,58,0.7,0.62428
236,58,0.5375,0.52666
237,58,0.55,0.4899
238,58,0.675,0.51661
239,58,1.05,0.65854
240,58,1.35,0.67553
241,58,2.55,0.98463
242,59,0.495,0.32889
243,59,0.63,0.31552
244,59,0.5475,0.30946
245,59,0.555,0.31169
246,59,0.795,0.35103
247,59,1.175,0.60566
248,59,1.3917,0.6218
249,59,1.7875,0.74163
250,59,1.7,0.79771
251,59,1.55,0.77072
252,60,0.405,0.26458
253,60,0.4275,0.31653
254,60,0.395,0.34304
255,60,0.535,0.29942
256,60,0.53167,0.3569
257,60,0.425,0.39962
258,61,0.37,0.15158
259,61,0.295,0.14105
260,62,1.3583,0.5852
261,62,2.175,0.40219
262,62,2.475,0.46559
263,62,2.275,0.46116
264,62,2.075,0.45672
265,62,1.975,0.40796
266,62,2,0.42637
267,62,1.6917,0.45621
268,62,0.775,0.5615
269,63,0.7,0.20204
270,63,0.7,0.20204
271,63,0.7,0.20204
272,63,0.7,0.20204
273,63,0.7,0.20204
274,63,0.7,0.20204
275,63,0.7,0.20204
276,63,0.7,0.20204
277,63,0.7,0.20204
278,64,0.7,0.20204
279,64,0.7,0.20204
280,64,0.7,0.20204
281,64,0.7,0.20204
282,64,0.7,0.20204
283,64,0.7,0.20204
284,64,0.7,0.20204
285,64,0.7,0.20204
286,64,0.7,0.20204
287,64,0.7,0.20204
288,64,0.7,0.20204
289,64,0.7,0.20204
290,64,0.7,0.20204
291,64,0.7,0.20204
292,64,0.7,0.20204
293,64,0.7,0.20204
294,64,0.7,0.20204
295,64,0.7,0.20204
296,64,0.7,0.20204
297,64,0.7,0.20204
298,64,0.7,0.20204
299,64,0.7,0.20204
300,64,0.7,0.20204
301,64,0.7,0.20204
302,64,0.7,0.20204
303,64,0.7,0.20204
304,64,0.7,0.20204
305,64,0.7,0.20204
306,65,0.8,0.25255
307,65,0.8,0.25255
308,65,0.8,0.25255
309,65,0.8,0.25255
310,65,0.8,0.25255
311,65,0.8,0.25255
312,65,0.8,0.25255
313,65,0.8,0.25255
314,65,0.8,0.25255
315,65,0.8,0.25255
316,65,0.8,0.25255
317,66,0.7,0.20204
318,66,0.7,0.20204
319,66,0.7,0.20204
320,66,0.7,0.20204
321,66,0.7,0.20204
322,66,0.7,0.20204
323,66,0.7,0.20204
324,66,0.7,0.20204
325,66,0.7,0.20204
326,66,0.7,0.20204
327,67,0.7,0.20204
328,67,0.7,0.20204
329,67,0.7,0.20204
330,67,0.7,0.20204
331,67,0.7,0.20204
332,67,0.7,0.20204
333,67,0.7,0.20204
334,67,0.7,0.20204
335,67,0.7,0.20204
336,67,0.7,0.20204
337,67,0.7,0.20204
338,67,0.7,0.20204
339,67,0.7,0.20204
340,67,0.7,0.20204
341,67,0.7,0.20204
342,67,0.7,0.20204
343,67,0.7,0.20204
344,67,0.7,0.20204
345,68,0.5,0.20204
346,68,0.5,0.20204
347,68,0.5,0.20204
348,68,0.5,0.20204
349,68,0.5,0.20204
350,68,0.5,0.20204
351,68,0.5,0.20204
352,68,0.5,0.20204
353,68,0.5,0.20204
354,68,0.5,0.20204
355,68,0.5,0.20204
356,68,0.5,0.20204
357,68,0.5,0.20204
358,68,0.5,0.20204
359,68,0.5,0.20204
360,68,0.5,0.20204
361,69,0.8,0.25255
362,69,0.8,0.25255
363,69,0.8,0.25255
364,69,0.8,0.25255
365,69,0.8,0.25255
366,69,0.8,0.25255
367,69,0.8,0.25255
368,69,0.8,0.25255
369,69,0.8,0.25255
370,69,0.8,0.25255
371,69,0.8,0.25255
372,69,0.8,0.25255
373,69,0.8,0.25255
374,69,0.8,0.25255
375,69,0.8,0.25255
376,69,0.8,0.25255
377,69,0.8,0.25255
378,69,0.8,0.25255
379,70,0.7,0.20204
380,70,0.7,0.20204
381,70,0.7,0.20204
382,70,0.7,0.20204
383,70,0.7,0.20204
384,70,0.7,0.20204
385,70,0.7,0.20204
386,70,0.7,0.20204
387,70,0.7,0.20204
388,70,0.7,0.20204
389,70,0.7,0.20204
390,70,0.7,0.20204
391,70,0.7,0.20204
392,71,0.8,0.25255
393,71,0.8,0.25255
394,71,0.8,0.25255
395,71,0.8,0.25255
396,71,0.8,0.25255
397,71,0.8,0.25255
398,71,0.8,0.25255
399,71,0.8,0.25255
400,72,0.37,0.1444
401,72,0.318,0.1418
402,73,0.39,0.20549
403,73,0.4275,0.22471
404,73,0.465,0.23991
405,74,2,2.5102
406,74,2,2.5102
407,74,2,2.5102
408,74,2,2.5102
409,74,2,2.5102
410,74,2,2.5102
411,75,0.4,0.10102
412,75,0.4,0.10102
413,76,3,0.75765
414,76,3,0.75765
415,76,3,0.75765
416,77,0.35,0.14872
417,77,0.303,0.1392
418,77,0.3,0.13999
419,77,0.29,0.14164
420,78,2.275,0.68741
421,78,1.8917,0.66438
422,78,1.125,0.61832
423,78,0.825,0.59994
424,78,0.825,0.59994
425,79,0.13,0.20831
426,79,0.258,0.1987
427,79,0.45,0.18429
428,80,4.75,0.71756
429,80,5.65,0.94457
430,80,4.225,0.59328
431,80,4.0583,0.60679
432,80,3.525,0.49778
433,81,2.3375,0.67124
434,81,2.3875,0.67218
435,81,2.45,0.68812
436,81,3.625,0.55093
437,81,3.625,0.55093
438,81,3.725,0.46527
439,82,5.65,1.047
440,82,5.55,1.0147
441,82,5.45,1.1023
442,82,4.25,0.89781
443,82,4.25,1.168
444,82,3.1833,0.88013
445,82,1.85,0.71483
446,83,0.765,0.256
447,83,0.6475,0.24357
448,83,0.53,0.23115
449,84,0.555,0.2696
450,84,0.555,0.2696
451,85,0.925,0.56358
452,85,0.925,0.56358
453,86,2.225,0.55751
454,86,2.225,0.55751
455,87,0.725,0.56673
456,87,0.725,0.56673
457,88,0.49,0.23072
458,88,0.27,0.20909
459,88,0.45,0.22273
460,89,2,0.5051
461,89,2,0.5051
462,90,0.255,0.24907
463,90,0.465,0.33752
464,90,0.465,0.33752
465,91,0.39,0.14836
466,91,0.41,0.1523
467,92,0.555,0.35294
468,92,0.555,0.32891
469,92,0.675,0.25087
470,93,0.425,0.37319
471,93,0.925,0.43715
472,93,0.45833,0.39789
473,93,0.225,0.37826
474,94,0.35,0.15075
475,94,0.43,0.14867
476,94,0.46,0.1508
477,94,0.39,0.15394
478,95,0.765,0.33262
479,95,0.80833,0.3708
480,95,0.875,0.47802
481,96,0.75,0.22719
482,96,0.375,0.34855
483,96,0.50833,0.36974
484,96,0.775,0.45519
485,96,0.975,0.53006
486,97,1.85,1.0226
487,97,1.85,1.0226
488,98,0.575,0.25593
489,98,0.69,0.25902
490,98,0.825,0.26888
491,98,0.765,0.26181
492,99,0.049,0.016269
493,99,0.05,0.016339
494,99,0.051,0.016409
495,100,0.375,0.25777
496,100,0.45,0.30585
497,100,0.705,0.31564
498,100,0.855,0.31049
499,100,0.825,0.34363
500,100,0.925,0.35917
501,101,0.285,0.31267
502,101,0.285,0.31267
503,102,0.165,0.27278
504,102,0.165,0.27278
505,103,0.53,0.16186
506,103,0.45,0.15873
507,104,0.36,0.15066
508,104,0.39,0.15152
509,104,0.43667,0.15173
510,105,0.6675,0.29458
511,105,0.42,0.27117
512,105,0.435,0.26993
513,105,0.42,0.27171
514,106,3.075,0.62911
515,106,3.075,0.62911
516,106,3.0083,0.56545
517,106,2.875,0.43812
518,106,2.875,0.43812
519,107,1.325,0.48144
520,107,1.375,0.54175
521,107,1.425,0.60207
522,108,2.325,0.67496
523,108,2.325,0.67496
524,109,0.21,0.14138
525,109,0.21,0.14448
526,110,1.625,0.42694
527,110,1.245,0.34406
528,110,1.6517,0.41293
529,110,1.775,0.44375
530,110,1.675,0.43699
531,111,0.62,0.23565
532,111,0.76833,0.24654
533,111,0.73875,0.23782
534,111,0.55625,0.24165
535,112,0.77,0.23451
536,112,0.77833,0.25572
537,112,0.715,0.2783
538,112,0.7575,0.32301
539,113,0.375,0.13813
540,113,0.3725,0.14185
541,113,0.37,0.14557
542,114,0.51,0.23076
543,114,0.52,0.21598
544,114,0.53,0.21714
545,114,0.43667,0.2019
546,114,0.41,0.19432
547,114,0.43,0.19437
548,114,0.35,0.21101
549,115,0.405,0.27924
550,115,0.445,0.25993
551,115,0.453,0.24964
552,115,0.435,0.24869
553,116,1.275,0.59256
554,116,1.425,0.49637
555,116,1.275,0.52688
556,116,1.5,0.53222
557,117,0.285,0.3552
558,117,0.555,0.33967
559,118,0.135,0.33598
560,118,0.255,0.34532
561,118,0.255,0.33283
562,119,0.345,0.28737
563,119,0.285,0.28154
564,120,0.3,0.10102
565,120,0.3,0.10102
566,120,0.3,0.10102
567,120,0.3,0.10102
568,120,0.3,0.10102
569,120,0.3,0.10102
570,121,0.4,0.15216
571,121,0.42,0.1522
572,121,0.41,0.15272
573,121,0.4,0.15046
574,122,0.4675,0.2296
575,122,0.39667,0.20815
576,122,0.42,0.21211
577,122,0.45,0.22181
578,122,0.55,0.2217
579,122,0.44,0.21227
580,122,0.46,0.22118
581,122,0.49,0.22262
582,122,0.46,0.22624
583,122,0.47,0.22192
584,123,1.08,0.32813
585,123,0.705,0.26335
586,123,0.775,0.27102
587,123,0.795,0.27856
588,123,0.885,0.28955
589,123,0.825,0.36088
590,123,1.125,0.39364
591,123,1.035,0.37584
592,124,0.945,0.29336
593,124,0.9,0.32089
594,124,0.81,0.31785
595,124,0.285,0.30737
596,125,0.3,1.2997
597,125,0.5,1.2707
598,125,0.8,1.2697
599,125,0.7,1.3267
600,126,0.45,0.91173
601,126,0.45,0.92794
602,126,0.45,0.94415
603,127,0.41,0.20991
604,127,0.41,0.216
605,128,0.39,0.15122
606,128,0.37,0.14477
607,128,0.39667,0.14757
608,129,0.43,0.1517
609,129,0.40333,0.14905
610,129,0.41,0.15117
611,129,0.48333,0.15608
612,130,0.39,0.1449
613,130,0.306,0.14504
614,130,0.25,0.14513
615,131,0.5475,0.24305
616,131,0.54,0.23834
617,131,0.465,0.25696
618,132,0.345,0.11821
619,132,0.345,0.11821
620,133,0.29,0.1444
621,133,0.29,0.14728
622,134,0.275,0.13152
623,134,0.275,0.13153
624,134,0.32833,0.13718
625,135,0.47667,0.22908
626,135,0.41,0.22749
627,135,0.33,0.21895
628,136,0.65,1.0896
629,136,0.65,1.0896
630,137,0.41,0.22902
631,137,0.35,0.22467
632,137,0.40333,0.22534
633,137,0.43,0.22567
634,138,4.15,0.86601
635,138,4.15,0.86601
636,138,4.15,0.86601
637,138,4.15,0.86601
638,138,4.15,0.86601
639,138,3.35,0.79725
640,138,3.35,0.79725
641,138,3.35,0.79725
642,138,3.35,0.79725
643,138,3.35,0.79725
644,138,3.35,0.79725
645,139,0.37,0.14832
646,139,0.355,0.13816
647,139,0.295,0.14252
648,140,1.225,0.58334
649,140,1.375,0.46201
650,140,1.375,0.46201
651,140,1.635,0.38355
652,140,1.485,0.3723
653,141,1.025,0.53381
654,141,0.675,0.31342
655,141,0.675,0.56452
656,141,0.725,0.40943
657,141,0.3,0.12602
658,141,0.3,0.12602
659,141,0.3,0.12602
660,142,0.47,0.18657
661,142,0.322,0.18523
662,142,0.49,0.19066
663,142,0.43,0.18609
664,142,0.37667,0.18565
665,142,0.46,0.20582
666,143,0.261,0.14076
667,143,0.206,0.14233
668,144,0.255,0.27279
669,144,0.255,0.27279
670,145,0.435,0.25894
671,145,0.435,0.25894
672,146,0.29,0.23232
673,146,0.29,0.23232
674,147,1.65,0.69326
675,147,1.6687,0.66698
676,147,1.55,0.83333
677,148,0.33,0.14305
678,148,0.275,0.14195
679,148,0.2775,0.14071
680,149,0.645,0.30131
681,149,0.655,0.28582
682,149,0.675,0.25484
683,149,0.525,0.24253
684,149,0.525,0.24253
685,150,0.47667,0.15568
686,150,0.46,0.15532
687,150,0.47,0.15868
688,150,0.43667,0.1599
689,150,0.43,0.16454
690,150,0.35,0.15269
691,151,0.29,0.21689
692,151,0.34,0.22296
693,152,0.33,0.19889
694,152,0.435,0.29895
695,152,0.58,0.41823
696,152,0.625,0.52102
697,152,0.55,0.56424
698,152,0.49167,0.48658
699,152,1.0417,0.41997
700,152,1.3083,0.41175
701,152,0.69375,0.32342
702,152,0.486,0.25109
703,152,0.1325,0.25074
704,152,0.13437,0.23654
705,152,0.05,0.1751
706,153,0.42,0.15308
707,153,0.3925,0.14636
708,153,0.3625,0.14309
709,153,0.41,0.15023
710,153,0.46,0.15601
711,154,1.25,0.50248
712,154,1.175,0.50598
713,154,0.925,0.5166
714,155,0.375,0.31829
715,155,0.375,0.31829
716,155,0.225,0.31772
717,155,0.375,0.33895
718,155,0.375,0.33895
719,156,13.7,0.73374
720,156,13.517,0.76741
721,156,15.575,0.54342
722,156,15.675,0.57354
723,156,15.775,0.60366
724,156,15.775,0.53649
725,156,15.825,0.50304
726,157,3.45,2.3721
727,157,3.45,2.3721
728,157,3.45,2.3721
729,157,3.45,2.3721
730,157,3.45,2.3721
731,157,3.45,2.3721
732,157,3.45,2.3721
733,158,7.3,1.5634
734,158,7.3,1.5806
735,159,1.05,0.69545
736,159,1.05,0.69545
737,160,3.3,1.8921
738,160,2.25,2.1886
739,160,3.475,1.9645
740,160,4.7,1.7404
741,160,4.3,1.7224
742,161,16.1,1.3694
743,161,16.1,1.3694
744,162,7.7,2.111
745,162,7.7,2.111
746,163,7.3,1.5138
747,163,5.55,1.1592
748,163,5.55,1.1592
749,163,5.25,1.1629
750,164,3.5,1.2629
751,164,3.2125,0.92963
752,164,2.925,0.59636
753,164,2.6,0.53987
754,164,2.275,0.48339
755,164,2.275,0.48339
756,164,2.275,0.48339
757,165,2.45,0.68614
758,165,2.45,0.68614
759,165,2.725,0.59024
760,165,3.75,0.73783
761,165,3.75,0.73783
762,165,3.85,1.1927
763,165,3.85,1.1927
764,166,0.765,0.26547
765,166,1.045,0.32493
766,166,1.09,0.34781
767,166,0.87,0.32837
768,166,0.93,0.33766
769,167,0.855,0.302
770,167,0.865,0.35115
771,167,0.85,0.34247
772,167,0.85,0.38147
773,167,0.865,0.37085
774,168,0.36,0.14814
775,168,0.37,0.14724
776,168,0.37,0.14771
777,169,3,1.0102
778,169,3,1.0102
779,169,3,1.0102
780,169,3,1.0102
781,169,3,1.0102
782,169,3,1.0102
783,170,0.5,0.22704
784,170,0.5,0.22704
785,170,0.5,0.22704
786,170,0.5,0.22704
787,170,0.6375,0.33788
788,170,0.74,0.39904
789,170,0.615,0.25765
790,171,1.15,0.82274
791,171,1.275,0.58989
792,171,1.3083,0.61481
793,171,2.175,0.59717
794,172,0.55667,0.24223
795,172,0.635,0.2625
796,172,0.525,0.24929
797,172,0.63,0.25243
798,172,0.645,0.265
799,173,0.5225,0.24182
800,173,0.44,0.2253
801,173,0.36,0.2121
802,173,0.3,0.20157
803,173,0.34,0.19795
804,173,0.34,0.20427
805,174,0.882,0.29074
806,174,0.804,0.25774
807,175,1.275,0.45463
808,175,1.225,0.39574
809,175,0.9,0.34301
810,175,0.76833,0.34477
811,175,0.54,0.34055
812,175,0.635,0.3471
813,175,0.855,0.3517
814,176,0.51,0.16629
815,176,0.66333,0.17158
816,176,0.65,0.17169
817,177,0.585,0.24414
818,177,0.57125,0.23875
819,177,0.52333,0.23245
820,177,0.5475,0.23639
821,178,0.51,0.20492
822,178,0.55,0.2055
823,179,0.735,0.31215
824,179,0.735,0.31215
825,180,0.795,0.27347
826,180,0.735,0.27073
827,180,0.705,0.26936
828,181,0.48,0.2438
829,181,0.495,0.2467
830,182,0.705,0.29604
831,182,0.78,0.28463
832,182,0.935,0.28445
833,182,0.81,0.2778
834,183,3.125,3.934
835,183,5,3.4585
836,184,0.35,0.12628
837,184,0.35,0.12628
838,184,0.35,0.12628
839,184,0.35,0.12628
840,184,0.35,0.12628
841,184,0.36875,0.19483
842,184,0.5,0.43574
843,184,0.525,0.42244
844,184,0.475,0.37387
845,185,3.275,0.58081
846,185,3.275,0.58081
847,185,2.275,0.45551
848,185,2.275,0.45551
849,186,0.39,0.15474
850,186,0.39,0.15474
851,187,0.975,0.3041
852,187,0.975,0.3041
853,187,0.975,0.3041
854,187,0.775,0.43429
855,187,0.775,0.43429
856,188,0.525,0.3303
857,188,0.705,0.34082
858,188,0.795,0.34607
859,189,0.675,0.34138
860,189,0.735,0.33295
861,190,0.55,0.76132
862,190,0.75,0.74553
863,190,0.75,0.74553
864,190,0.55,0.77052
865,191,0.315,0.25162
866,191,0.63333,0.26109
867,192,0.54,0.26918
868,192,0.4675,0.24367
869,192,0.675,0.29134
870,193,3.85,1.0228
871,193,4.1,0.92095
872,193,4.7625,0.72815
873,193,5.0625,0.73291
874,193,4.2,0.92847
875,194,0.255,0.30568
876,194,0.255,0.30568
877,194,0.535,0.27674
878,194,0.675,0.26227
879,194,0.675,0.26227
880,195,0.66,0.31262
881,195,0.555,0.30829
882,195,0.51,0.31529
883,195,0.525,0.31969
884,195,0.765,0.32754
885,196,7.1,2.9601
886,196,7.65,2.6636
887,196,8.85,2.4789
888,197,3,0.7602
889,197,3,0.7602
890,197,3,0.7602
891,197,3,0.7602
892,197,3,0.7602
893,197,3,0.7602
894,197,3,0.7602
895,197,3,0.7602
896,197,3,0.7602
897,197,3,0.7602
898,197,3,0.7602
899,197,3,0.7602
900,197,3,0.7602
901,198,5.3,1.3618
902,198,5.3,1.3618
903,198,6.825,1.1122
904,198,8.35,0.86252
905,198,8.35,0.86252
906,198,11.15,0.8332
907,198,11.15,0.8332
908,198,12.45,0.7591
909,198,12.45,0.7591
910,198,11.75,1.037
911,198,11.75,1.037
912,198,11.65,0.95537
913,198,11.55,0.87371
914,199,0.49,0.22972
915,199,0.465,0.26802
916,199,0.465,0.26802
917,199,0.47,0.19405
918,200,0.525,0.24831
919,200,0.525,0.24831
920,201,0.31,0.19202
921,201,0.49,0.2071
922,202,0.855,0.3017
923,202,0.855,0.3017
924,203,0.585,0.2449
925,203,0.645,0.26381
926,203,0.705,0.28273
927,204,0.585,0.24852
928,204,0.555,0.29009
929,204,0.39,0.23093
930,204,0.525,0.24913
931,205,0.465,0.24219
932,205,0.555,0.29668
933,206,0.425,0.44332
934,206,0.375,0.4389
935,206,0.375,0.4389
936,206,0.375,0.43791
937,206,0.475,0.4417
938,206,0.575,0.4455
939,207,0.585,0.31168
940,207,0.585,0.31168
941,208,0.57,0.2999
942,208,0.63,0.2753
943,208,0.595,0.24452
944,209,0.17,0.20816
945,209,0.21,0.20322
946,209,0.29,0.19335
947,210,0.255,0.27152
948,210,0.345,0.27005
949,210,0.405,0.26907
950,211,0.945,0.31531
951,211,0.849,0.29912
952,211,0.77357,0.28817
953,211,0.675,0.27735
954,212,0.585,0.26418
955,212,0.6075,0.272
956,213,0.63,0.31507
957,213,0.615,0.28863
958,213,0.645,0.28119
959,213,0.621,0.26696
960,213,0.555,0.28872
961,213,0.615,0.29433
962,213,0.665,0.29607
963,213,0.6225,0.26626
964,213,0.675,0.28026
965,213,0.645,0.26201
966,213,0.525,0.25427
967,214,1.035,0.34717
968,214,0.915,0.29461
969,214,0.75,0.28261
970,214,0.675,0.26234
971,214,0.6,0.25538
972,215,0.65,0.22605
973,215,0.675,0.25666
974,215,0.65833,0.24309
975,215,0.6475,0.24224
976,215,0.645,0.24818
977,216,0.1425,0.04882
978,216,0.1425,0.04891
979,217,0.35,0.73302
980,217,0.825,0.63807
981,217,0.5375,0.6807
982,217,0.25,0.72334
983,217,0.31667,0.7204
984,217,0.35,0.71893
985,218,0.55,1.0905
986,218,0.81667,1.0756
987,218,0.55,1.1069
988,218,0.25,1.1133
989,218,0.275,1.1233
990,218,0.3,1.1333
991,218,0.25,1.1125
992,218,0.3,1.1164
993,218,0.35,1.1203
994,219,0.525,0.46843
995,219,0.575,0.44077
996,219,0.625,0.41311
997,219,1.225,0.41362
998,220,0.35,0.14669
999,220,0.39,0.14821
1000,221,0.345,0.24179
1001,221,0.345,0.24179
1002,222,0.555,0.26709
1003,222,0.555,0.26709
1004,223,0.495,0.26568
1005,223,0.495,0.26568
1006,224,0.22,0.22096
1007,224,0.21667,0.21274
1008,224,0.23,0.22215
1009,225,1.2688,0.49462
1010,225,1.8083,0.7081
1011,225,0.745,0.36849
1012,225,0.495,0.28926
1013,226,0.29,0.23353
1014,226,0.33667,0.22684
1015,226,0.43,0.22636
1016,226,0.375,0.24926
1017,227,0.705,0.3367
1018,227,1.245,0.33599
1019,228,0.18,0.20759
1020,228,0.17,0.20398
1021,229,0.33,0.14494
1022,229,0.38333,0.15467
1023,229,0.43,0.15058
1024,230,0.37,0.15596
1025,230,0.33667,0.15176
1026,230,0.38,0.15563
1027,231,0.414,0.15174
1028,231,0.4,0.14925
1029,231,0.43667,0.1516
1030,232,0.495,0.28253
1031,232,0.525,0.29602
1032,232,0.745,0.31195
1033,232,0.9,0.35648
1034,232,0.975,0.3525
1035,233,0.37,0.14529
1036,233,0.37,0.14714
1037,233,0.35,0.14533
1038,234,1.075,0.43675
1039,234,1.675,0.50885
1040,234,1.675,0.50885
1041,234,1.725,0.49178
1042,235,0.47,0.22912
1043,235,0.45,0.22606
1044,236,0.915,0.33056
1045,236,0.645,0.25096
1046,236,0.5825,0.23866
1047,236,0.5675,0.24469
1048,237,0.755,0.28872
1049,237,0.771,0.26936
1050,237,0.675,0.2642
1051,237,0.555,0.25756
1052,238,0.685,0.27328
1053,238,0.615,0.26947
1054,238,0.735,0.28502
1055,238,0.895,0.31706
1056,238,1.053,0.35066
1057,238,0.885,0.33196
1058,239,0.75,0.16378
1059,239,0.75,0.16378
1060,239,0.75,0.16378
1061,239,0.75,0.16378
1062,239,0.75,0.16378
1063,240,2.5,0.5051
1064,240,2.5,0.5051
1065,240,2.5,0.5051
1066,240,2.5,0.5051
1067,240,2.5,0.5051
1068,240,2.5,0.5051
1069,240,2.5,0.5051
1070,240,2.5,0.5051
1071,240,2.5,0.5051
1072,240,2.5,0.5051
1073,240,2.5,0.5051
1074,240,2.5,0.5051
1075,240,2.5,0.5051
1076,241,0.345,0.26473
1077,241,0.375,0.25351
1078,241,0.405,0.24229
1079,242,0.475,0.44115
1080,242,0.375,0.47151
1081,243,0.765,0.30741
1082,243,0.657,0.32184
1083,243,0.585,0.33147
1084,244,0.19,0.23096
1085,244,0.19,0.23096
1086,244,0.19,0.23096
1087,244,0.19,0.23096
1088,244,0.19,0.23096
1089,244,0.21167,0.23591
1090,244,0.255,0.24579
1091,245,2.325,0.69363
1092,245,2.425,0.69739
1093,245,2.175,0.57749
1094,246,2.175,0.60533
1095,246,2.175,0.60533
1096,246,3.075,0.50967
1097,246,3.075,0.50967
1098,247,0.1725,0.062959
1099,247,0.1725,0.062959
1100,248,0.39,0.17772
1101,248,0.39,0.17772
1102,249,0.59,0.22813
1103,249,0.43,0.19513
1104,250,0.3,0.10102
1105,250,0.3,0.10102
1106,251,1,0.25255
1107,251,1,0.25255
1108,251,1,0.25255
1109,252,0.3,0.10102
1110,252,0.3,0.10102
1111,252,0.3,0.10102
1112,252,0.3,0.10102
1113,253,0.5,0.17704
1114,253,0.5,0.17704
1115,253,0.5,0.17704
1116,254,0.28,0.11367
1117,254,0.28,0.11367
1118,255,0.45,0.19796
1119,255,0.41,0.1774
1120,255,0.41,0.17423
1121,256,0.85,0.39801
1122,256,0.775,0.38352
1123,256,0.70833,0.38389
1124,256,0.6,0.39961
1125,257,0.945,0.35458
1126,257,0.735,0.30158
1127,257,0.555,0.31324
1128,257,0.375,0.32489
1129,258,0.15,0.9214
1130,258,0.15,0.9214
1131,258,0.15,0.93265
1132,258,0.15,0.9713
1133,258,0.15,0.95217
1134,258,0.15,0.93304
1135,258,0.15,0.9731
1136,258,0.15,1.0132
1137,259,0.285,0.23551
1138,259,0.19,0.21587
1139,259,0.19,0.21587
1140,260,2.425,0.46566
1141,260,2.425,0.46566
1142,260,2.425,0.46566
1143,260,2.375,0.47368
1144,260,2.375,0.47368
1145,260,2.375,0.47368
1146,260,3.05,0.73169
1147,260,3.05,0.73169
1148,261,0.418,0.22936
1149,261,0.21,0.21089
1150,261,0.79,0.23777
1151,262,0.4,0.16821
1152,262,0.3,0.15984
1153,262,0.31,0.16236
1154,263,0.37,0.14767
1155,263,0.365,0.14354
1156,263,0.35,0.14559
1157,264,0.59667,0.16974
1158,264,0.62,0.16761
1159,264,0.57667,0.1651
1160,265,0.445,0.15691
1161,265,0.47667,0.15665
1162,265,0.5,0.16006
1163,266,0.57,0.16405
1164,266,0.57,0.16544
1165,266,0.43,0.15549
1166,266,0.49,0.16076
1167,267,0.4,0.10102
1168,267,0.4,0.10102
1169,267,0.4,0.10102
1170,267,0.4,0.10102
1171,267,0.4,0.10102
1172,267,0.4,0.10102
1173,267,0.4,0.10102
1174,267,0.4,0.10102
1175,267,0.4,0.10102
1176,267,0.4,0.10102
1177,267,0.4,0.10102
1178,267,0.4,0.10102
1179,267,0.4,0.10102
1180,267,0.4,0.10102
1181,267,0.4,0.10102
1182,267,0.4,0.10102
1183,267,0.4,0.10102
1184,267,0.4,0.10102
1185,268,2.4,0.41718
1186,268,2.375,0.38593
1187,268,2.825,0.47753
1188,268,2.725,0.441
1189,268,2.2417,0.40865
1190,269,4.025,0.61779
1191,269,4.1083,0.59855
1192,269,4.2,0.56796
1193,269,4.4,0.60461
1194,269,4.725,0.60039
1195,269,4.9917,0.65042
1196,269,4.9917,0.73903
1197,269,4.95,0.78708
1198,269,4.85,0.80143
1199,269,5.15,0.80075
1200,270,1.125,0.39623
1201,270,1.125,0.39623
1202,270,1.175,0.37721
1203,270,1.175,0.37721
1204,271,1.065,0.34426
1205,271,1.065,0.34426
1206,271,0.47,0.22444
1207,271,0.47,0.22444
1208,272,1.575,0.4465
1209,272,1.475,0.39222
1210,272,1.5583,0.37681
1211,273,0.465,0.11972
1212,273,0.495,0.12028
1213,273,0.425,0.11842
1214,273,0.435,0.11624
1215,273,0.405,0.11839
1216,273,0.35,0.11446
1217,273,0.295,0.11053
1218,273,0.25,0.10849
1219,273,0.255,0.10877
1220,274,0.425,0.12118
1221,274,0.37,0.11758
1222,274,0.39833,0.11342
1223,274,0.4,0.11452
1224,274,0.37,0.1132
1225,275,0.525,0.26276
1226,275,0.54,0.25468
1227,275,0.69,0.25194
1228,275,0.735,0.25001
1229,276,0.765,0.26787
1230,276,0.665,0.26681
1231,277,0.615,0.26496
1232,277,0.615,0.26202
1233,277,0.555,0.25498
1234,278,0.855,0.30195
1235,278,0.825,0.27228
1236,279,0.1975,0.066556
1237,279,0.2425,0.067129
1238,280,2,0.5051
1239,280,2,0.5051
1240,280,2,0.5051
1241,280,2,0.5051
1242,280,2,0.5051
1243,280,2,0.5051
1244,280,2,0.5051
1245,280,2,0.5051
1246,280,2,0.5051
1247,280,2,0.5051
1248,280,2,0.5051
1249,280,2,0.5051
1250,280,2,0.5051
1251,281,1,0.25255
1252,281,1,0.25255
1253,281,1,0.25255
1254,281,1,0.25255
1255,281,1,0.25255
1256,281,1,0.25255
1257,282,1.5,0.25255
1258,282,1.5,0.25255
1259,282,1.5,0.25255
1260,282,1.5,0.25255
1261,282,1.5,0.25255
1262,282,1.5,0.25255
1263,282,1.5,0.25255
1264,283,0.53,0.22504
1265,283,0.43,0.22076
1266,283,0.4125,0.229
1267,284,0.45,0.22511
1268,284,0.37,0.20829
1269,284,0.38,0.20221
1270,284,0.39,0.19613
1271,284,0.47,0.21321
1272,284,0.47,0.21321
1273,284,0.49,0.21896
1274,284,0.51,0.22472
1275,285,0.495,0.2415
1276,285,0.495,0.25242
1277,286,1.225,0.45864
1278,286,2.2563,0.58781
1279,287,0.705,0.27093
1280,287,0.705,0.27093
1281,288,0.35,0.22331
1282,288,0.2675,0.2299
1283,289,0.36,0.14732
1284,289,0.3325,0.14459
1285,289,0.39,0.14737
1286,290,0.4,0.14964
1287,290,0.4,0.15015
1288,290,0.38,0.14727
1289,291,0.645,0.26557
1290,291,0.615,0.25652
1291,291,0.53,0.22979
1292,292,0.435,0.24518
1293,292,0.55,0.22934
1294,292,0.525,0.26496
1295,293,3.75,2.9143
1296,293,4.35,2.7012
1297,293,4.95,2.392
1298,293,4.95,2.2958
1299,293,4.65,2.4909
1300,294,0.825,0.29142
1301,294,0.45,0.21775
1302,295,0.675,0.2678
1303,295,0.565,0.25362
1304,295,0.6,0.26674
1305,296,2.25,0.27781
1306,296,2.25,0.27781
1307,296,2.25,0.27781
1308,297,1.95,0.25255
1309,297,1.95,0.25255
1310,298,0.37,0.15041
1311,298,0.35,0.14532
1312,299,0.525,0.24567
1313,299,0.525,0.24567
1314,300,0.43,0.20812
1315,300,0.4775,0.24978
1316,300,0.395,0.23637
1317,301,0.435,0.25049
1318,301,0.435,0.25049
1319,302,0.35,0.20892
1320,302,0.33,0.20123
1321,303,0.43,0.20696
1322,303,0.41,0.20187
1323,304,0.26,0.12122
1324,304,0.26,0.12122
1325,304,0.26,0.12122
1326,304,0.26,0.12122
1327,304,0.26,0.12122
1328,304,0.26,0.12122
1329,305,0.215,0.068189
1330,305,0.215,0.068189
1331,305,0.215,0.068189
1332,305,0.215,0.068189
1333,305,0.215,0.068189
1334,306,0.215,0.068189
1335,306,0.215,0.068189
1336,306,0.215,0.068189
1337,306,0.215,0.068189
1338,306,0.215,0.068189
1339,306,0.215,0.068189
1340,306,0.215,0.068189
1341,307,0.875,0.45939
1342,307,2.65,0.82423
1343,307,2.4333,0.66166
1344,307,2.575,0.56835
1345,307,2.575,0.60439
1346,307,1.9083,0.4735
1347,308,0.35,0.17824
1348,308,0.31,0.16937
1349,308,0.33,0.16655
1350,308,0.35,0.16374
1351,308,0.35,0.16374
1352,308,0.41,0.17419
1353,308,0.33,0.16508
1354,308,0.33,0.16508
1355,308,0.25,0.17398
1356,308,0.25,0.17398
1357,309,0.495,0.24234
1358,309,0.51,0.23713
1359,310,0.46,0.15025
1360,310,0.43,0.15062
1361,311,0.43,0.15089
1362,311,0.41,0.14761
1363,312,0.295,0.1269
1364,312,0.295,0.1269
1365,313,2.085,0.39884
1366,313,1.92,0.37472
1367,313,1.775,0.34534
1368,313,1.4925,0.33688
1369,313,1.725,0.30677
1370,313,1.245,0.31253
1371,313,1.445,0.31483
1372,314,1.775,0.38474
1373,314,1.775,0.38474
1374,315,2.325,0.51932
1375,315,2.325,0.51932
1376,316,2.7,0.34082
1377,316,2.7,0.34082
1378,316,2.7,0.34082
1379,316,2.7,0.34082
1380,317,2.1,0.26531
1381,317,2.1,0.26531
1382,317,2.1,0.26531
1383,317,2.1,0.26531
1384,318,2,0.2523
1385,318,2,0.2523
1386,318,2,0.2523
1387,318,2,0.2523
1388,319,1.925,0.44813
1389,319,1.925,0.44813
1390,320,0.305,0.1114
1391,320,0.305,0.1114
1392,321,0.215,0.080104
1393,321,0.215,0.080104
1394,321,0.215,0.079289
1395,321,0.235,0.079949
1396,321,0.255,0.08061
1397,322,0.225,0.3103
1398,322,0.195,0.29644
1399,322,0.195,0.29644
1400,322,0.735,0.33433
1401,322,1.185,0.34784
1402,323,0.1525,0.04828
1403,323,0.1475,0.048689
1404,323,0.15583,0.048728
1405,324,0.615,0.24142
1406,324,0.6,0.24256
1407,324,0.625,0.25051
1408,324,0.55875,0.23663
1409,325,0.585,0.31387
1410,325,0.605,0.30652
1411,325,0.655,0.30169
1412,325,0.735,0.29937
1413,326,0.47667,0.23196
1414,326,0.28833,0.2319
1415,326,0.37,0.22035
1416,326,0.21,0.22783
1417,327,0.3975,0.23274
1418,327,0.36333,0.20717
1419,327,0.33,0.22355
1420,328,0.31,0.20866
1421,328,0.31,0.19664
1422,329,0.465,0.2481
1423,329,0.465,0.2481
1424,330,0.72,0.33591
1425,330,0.74,0.37409
1426,330,0.885,0.28814
1427,330,0.765,0.27344
1428,331,1.5,0.5051
1429,331,1.5,0.5051
1430,331,1.5,0.5051
1431,331,1.5,0.5051
1432,331,1.5,0.5051
1433,331,1.5,0.5051
1434,331,1.5,0.5051
1435,331,1.5,0.5051
1436,331,1.5,0.5051
1437,331,1.5,0.5051
1438,331,1.5,0.5051
1439,331,1.5,0.5051
1440,331,1.5,0.5051
1441,331,1.5,0.5051
1442,331,1.5,0.5051
1443,331,1.5,0.5051
1444,331,1.5,0.5051
1445,331,1.5,0.5051
1446,331,1.5,0.5051
1447,332,1.545,0.29382
1448,332,1.545,0.29382
1449,332,1.515,0.35708
1450,332,1.515,0.35708
1451,333,0.925,0.52308
1452,333,0.975,0.47473
1453,333,1,0.47179
1454,333,1.025,0.46885
1455,333,1.075,0.46768
1456,334,1.875,0.38383
1457,334,2.115,0.36346
1458,334,2.045,0.38578
1459,335,1.375,0.47743
1460,335,1.7083,0.41706
1461,335,1.925,0.42201
1462,336,0.805,0.29569
1463,336,0.755,0.29441
1464,336,0.525,0.31664
1465,337,0.225,0.28424
1466,337,0.235,0.26354
1467,337,0.395,0.25445
1468,337,0.465,0.26817
1469,338,1.425,0.37059
1470,338,1.675,0.44422
1471,339,2.075,0.52445
1472,339,2.075,0.5423
1473,339,2.075,0.56015
1474,340,0.41,0.22374
1475,340,0.41,0.22374
1476,341,3.7,0.46709
1477,341,3.7,0.46709
1478,342,3,0.37883
1479,342,3,0.37883
1480,343,2,0.25255
1481,343,2,0.25255
1482,344,2.25,0.27781
1483,344,2.25,0.27781
1484,345,2,0.25255
1485,345,2,0.25255
1486,346,0.525,0.27407
1487,346,0.54,0.2744
1488,346,0.555,0.27473
1489,346,0.69,0.29523
1490,346,0.825,0.31574
1491,347,1.245,0.34735
1492,347,1.245,0.34735
1493,347,1.095,0.36907
1494,347,1.095,0.36907
1495,348,0.49,0.15858
1496,348,0.47,0.16188
1497,349,1.175,0.39877
1498,349,1.175,0.39877
1499,349,1.175,0.39877
1500,349,2.025,0.58828
1501,349,2.025,0.58828
1502,349,1.725,0.56584
1503,349,1.725,0.56584
1504,350,1.5,0.5051
1505,350,1.5,0.5051
1506,350,1.5,0.5051
1507,350,1.5,0.5051
1508,350,1.5,0.5051
1509,350,1.5,0.5051
1510,350,1.5,0.5051
1511,350,1.5,0.5051
1512,350,1.5,0.5051
1513,350,1.5,0.5051
1514,350,1.5,0.5051
1515,350,1.5,0.5051
1516,350,1.5,0.5051
1517,350,1.5,0.5051
1518,350,1.5,0.5051
1519,350,1.5,0.5051
1520,350,1.5,0.5051
1521,350,1.5,0.5051
1522,351,0.11,0.22255
1523,351,0.19667,0.2151
1524,351,0.21,0.21931
1525,352,2.375,0.41293
1526,352,2.375,0.41293
1527,353,0.175,0.56693
1528,353,0.175,0.56693
1529,353,0.475,0.55828
1530,353,1.125,0.48041
1531,353,0.975,0.47047
1532,353,0.825,0.46053
1533,353,0.55,0.47226
1534,353,0.275,0.48398
1535,354,0.675,0.34719
1536,354,0.915,0.33897
1537,355,0.975,0.42524
1538,355,1,0.42504
1539,355,1.25,0.40752
1540,355,1.475,0.38991
1541,355,1.51,0.37466
1542,355,1.3817,0.36339
1543,355,1.2,0.39403
1544,356,0.645,0.26169
1545,356,0.645,0.29625
1546,357,0.275,0.46558
1547,357,0.275,0.46558
1548,358,0.4,0.076531
1549,358,0.4,0.076531
1550,358,0.4,0.076531
1551,358,0.4,0.076531
1552,359,2.975,0.56956
1553,359,3.075,0.52008
1554,359,2.85,0.54825
1555,359,1.55,0.9021
1556,359,1.55,0.9021
1557,359,1.15,0.88101
1558,360,0.435,0.24558
1559,360,0.45,0.24076
1560,360,0.465,0.23594
1561,360,0.555,0.2491
1562,361,0.57,0.22475
1563,361,0.5,0.22223
1564,361,0.43,0.21972
1565,362,0.45167,0.22129
1566,362,0.44333,0.21431
1567,362,0.45,0.21068
1568,363,0.29,0.22811
1569,363,0.23,0.21792
1570,363,0.24,0.21392
1571,364,0.4775,0.22657
1572,364,0.25,0.094388
1573,364,0.25,0.094388
1574,365,0.43,0.18376
1575,365,0.45,0.16675
1576,366,0.375,0.24649
1577,366,0.315,0.25419
1578,366,0.255,0.26189
1579,367,0.17,0.2201
1580,367,0.17,0.20489
1581,368,2.925,0.39754
1582,368,2.925,0.39754
1583,368,2.775,0.40482
1584,368,2.55,0.47296
1585,368,2.325,0.54111
1586,369,1.125,0.2488
1587,369,1.245,0.29115
1588,369,1.29,0.308
1589,369,1.63,0.38576
1590,369,2.3875,0.76377
1591,369,3.2,1.0362
1592,370,2.125,0.44156
1593,370,1.725,0.38905
1594,370,1.725,0.38905
1595,370,2.025,0.43927
1596,370,2.025,0.43927
1597,371,0.35,0.7193
1598,371,0.35,0.7193
1599,372,0.225,0.077826
1600,372,0.225,0.077826
1601,373,1.425,0.39642
1602,373,1.425,0.39642
1603,374,0.945,0.3414
1604,374,0.945,0.3414
1605,375,0.825,0.35681
1606,375,1.065,0.32806
1607,375,1.065,0.32806
1608,376,1.185,0.37602
1609,376,1.185,0.37602
1610,376,0.725,0.42637
1611,377,0.885,0.32561
1612,377,0.885,0.32561
1613,377,0.885,0.32561
1614,377,0.885,0.32561
1615,378,0.35,0.14624
1616,378,0.38,0.14802
1617,379,0.41,0.22159
1618,379,0.49,0.21511
1619,379,0.57214,0.23092
1620,380,0.53,0.21633
1621,380,0.53,0.21633
1622,381,0.41,0.22837
1623,381,0.52,0.22719
1624,381,0.63,0.22602
1625,381,0.65,0.23794
1626,382,0.43,0.20234
1627,382,0.385,0.19989
1628,383,0.375,0.25001
1629,383,0.375,0.25001
1630,383,0.375,0.25001
1631,383,0.36,0.24631
1632,383,0.345,0.24261
1633,383,0.345,0.24261
1634,383,0.375,0.24609
1635,383,0.405,0.24957
1636,383,0.405,0.24957
1637,384,1.825,0.53814
1638,384,1.825,0.53814
1639,385,1.475,0.47441
1640,385,1.475,0.47441
1641,386,0.95,0.78172
1642,386,0.825,0.78326
1643,387,0.39,0.1709
1644,387,0.446,0.16531
1645,388,0.615,0.26824
1646,388,0.615,0.26824
1647,389,0.725,0.3757
1648,389,0.725,0.3757
1649,390,0.675,0.3158
1650,390,0.615,0.29878
1651,391,0.705,0.30151
1652,391,0.705,0.30151
1653,392,0.2025,0.06583
1654,392,0.1975,0.065206
1655,393,0.495,0.25417
1656,393,0.495,0.25417
1657,394,0.1875,0.064884
1658,394,0.1875,0.064884
1659,395,0.585,0.26236
1660,395,0.585,0.26236
1661,396,0.23,0.21217
1662,396,0.22,0.21411
1663,397,2.225,0.55993
1664,397,2.225,0.55993
1665,398,0.795,0.25487
1666,398,0.39,0.22094
1667,399,0.645,0.25542
1668,399,0.645,0.25542
1669,400,0.495,0.24385
1670,400,0.555,0.25319
1671,400,0.615,0.26253
1672,400,0.585,0.28113
1673,400,0.585,0.28113
1674,400,0.615,0.2829
1675,400,0.645,0.28467
1676,400,0.735,0.30984
1677,400,0.735,0.30984
1678,401,0.25,0.96375
1679,401,0.4,0.97023
1680,401,0.45,0.98167
1681,401,0.35,0.98662
1682,402,1.25,0.8386
1683,402,1.05,0.97492
1684,403,0.43,0.15356
1685,403,0.402,0.15489
1686,403,0.39,0.15044
1687,404,0.29,0.14642
1688,404,0.338,0.14561
1689,404,0.35,0.14327
1690,405,2.2,0.12602
1691,405,2.2,0.12602
1692,406,1.38,0.36523
1693,406,1.41,0.35728
1694,406,1.455,0.35515
1695,406,1.375,0.38431
1696,407,1.515,0.36339
1697,407,1.6483,0.40664
1698,407,1.575,0.40574
1699,407,2.075,0.49344
1700,407,2.175,0.52328
1701,408,1.065,0.32959
1702,408,1.095,0.30713
1703,408,1.305,0.33783
1704,408,1.155,0.31319
1705,408,1.215,0.30244
1706,408,1.185,0.30915
1707,409,0.31,0.21515
1708,409,0.31,0.20568
1709,409,0.33,0.20621
1710,410,3,1.0102
1711,410,3,1.0102
1712,410,3,1.0102
1713,410,3,1.0102
1714,410,3,1.0102
1715,410,3,1.0102
1716,411,3,1.0102
1717,411,3,1.0102
1718,411,3,1.0102
1719,411,3,1.0102
1720,412,0.705,0.27217
1721,412,0.8175,0.28471
1722,412,0.741,0.27346
1723,412,0.66,0.25876
1724,412,0.705,0.26484
1725,413,0.043,0.016434
1726,413,0.059,0.016216
1727,413,0.055,0.016065
1728,413,0.053,0.015989
1729,414,1.075,0.40164
1730,414,0.98,0.33942
1731,414,0.885,0.2772
1732,414,0.765,0.3037
1733,415,0.435,0.333
1734,415,0.495,0.30845
1735,416,0.15,0.2224
1736,416,0.465,0.25178
1737,417,1.25,0.70354
1738,417,1.3375,0.62241
1739,417,1.425,0.54127
1740,418,0.38,0.15291
1741,418,0.39667,0.15171
1742,418,0.38333,0.14798
1743,419,11,5.5561
1744,419,11,5.5561
1745,419,11,5.5561
1746,419,11,5.5561
1747,419,11,5.5561
1748,419,11,5.5561
1749,419,11,5.5561
1750,419,11,5.5561
1751,419,11,5.5561
1752,419,11,5.5561
1753,419,11,5.5561
1754,419,11,5.5561
1755,419,11,5.5561
1756,419,11,5.5561
1757,420,0.1,0.025255
1758,420,0.1,0.025255
1759,420,0.1,0.025255
1760,420,0.1,0.025255
1761,421,0.5,0.20204
1762,421,0.5,0.20204
1763,421,0.5,0.20204
1764,421,0.5,0.20204
1765,421,0.5,0.20204
1766,421,0.5,0.20204
1767,421,0.5,0.20204
1768,421,0.5,0.20204
1769,421,0.5,0.20204
1770,422,3,1.0102
1771,422,3,1.0102
1772,422,3,1.0102
1773,422,3,1.0102
1774,422,3,1.0102
1775,422,3,1.0102
1776,422,3,1.0102
1777,423,3,0.75765
1778,423,3,0.75765
1779,423,3,0.75765
1780,423,3,0.75765
1781,423,3,0.75765
1782,423,3,0.75765
1783,424,3,0.75765
1784,424,3,0.75765
1785,424,3,0.75765
1786,424,3,0.75765
1787,424,3,0.75765
1788,424,3,0.75765
1789,424,3,0.75765
1790,425,0.925,0.41253
1791,425,1.1583,0.41068
1792,425,1.1583,0.3838
1793,425,1.025,0.3806
1794,426,0.585,0.2499
1795,426,0.39,0.22963
1796,427,0.48,0.2351
1797,427,0.43,0.22522
1798,428,0.053,0.016342
1799,428,0.053,0.016342
1800,429,0.805,0.30433
1801,429,0.965,0.30751
1802,429,1.24,0.42483
1803,429,1.475,0.54185
1804,430,0.405,0.25072
1805,430,0.405,0.25072
1806,431,0.30167,0.10881
1807,431,0.31,0.10971
1808,431,0.27,0.10801
1809,431,0.245,0.1062
1810,431,0.305,0.1093
1811,432,0.31,0.16125
1812,432,0.26714,0.16292
1813,432,0.25,0.16358
1814,433,0.1925,0.064251
1815,433,0.20625,0.064942
1816,433,0.21917,0.064179
1817,433,0.1985,0.063751
1818,433,0.2125,0.064879
1819,433,0.2075,0.064421
1820,433,0.1925,0.063865
1821,433,0.2075,0.063973
1822,434,0.049,0.01616
1823,434,0.047,0.016279
1824,434,0.0475,0.016345
1825,434,0.050333,0.016228
1826,435,0.135,0.2324
1827,435,0.135,0.2324
1828,436,2,0.25255
1829,436,2,0.25255
1830,436,2,0.25255
1831,437,1.95,0.25255
1832,437,1.95,0.25255
1833,437,1.95,0.25255
1834,437,1.95,0.25255
1835,438,0.2,0.05051
1836,438,0.2,0.05051
1837,438,0.2,0.05051
1838,439,0.42,0.24902
1839,439,0.45,0.24358
1840,439,0.525,0.24172
1841,439,0.735,0.27637
1842,439,0.735,0.29415
1843,439,0.765,0.28609
1844,439,0.975,0.36254
1845,440,2.7,0.34082
1846,440,2.7,0.34082
1847,441,2.75,0.34107
1848,441,2.75,0.34107
1849,442,2,0.25255
1850,442,2,0.25255
1851,443,0.44333,0.2179
1852,443,0.44,0.20943
1853,443,0.39,0.21203
1854,444,0.25,0.73291
1855,444,0.25,0.72493
1856,444,0.25,0.70896
1857,445,0.35,0.22117
1858,445,0.35,0.22117
1859,445,0.35,0.21515
1860,446,2.15,0.7067
1861,446,2.15,0.7067
1862,446,1.925,0.62639
1863,447,1.325,0.57789
1864,447,1.325,0.57789
1865,447,1.325,0.62113
1866,447,1.875,0.58335
1867,447,1.875,0.58335
1868,448,0.1675,0.048466
1869,448,0.1575,0.048553
1870,449,0.795,0.29653
1871,449,0.795,0.29653
1872,450,0.69,0.26171
1873,450,0.78,0.27201
1874,450,0.9,0.28466
1875,450,0.84,0.26164
1876,450,0.765,0.24654
1877,450,1.02,0.30936
1878,451,0.1575,0.049017
1879,451,0.15083,0.048674
1880,452,0.39,0.23221
1881,452,0.41667,0.23065
1882,452,0.47,0.23436
1883,453,0.615,0.24116
1884,453,0.595,0.25155
1885,453,0.705,0.25798
1886,454,0.78875,0.28692
1887,454,0.68,0.23489
1888,454,0.59,0.23378
1889,455,0.435,0.25328
1890,455,0.465,0.25222
1891,456,0.42,0.20905
1892,456,0.485,0.21904
1893,457,0.45,0.21863
1894,457,0.46,0.22517
1895,458,0.49083,0.23997
1896,458,0.47,0.22846
1897,459,1.775,0.46837
1898,459,1.775,0.46837
1899,459,0.795,0.28183
1900,459,0.795,0.28183
1901,460,1.625,0.40154
1902,460,1.375,0.34539
1903,460,1.125,0.28924
1904,460,0.825,0.2683
1905,461,3,0.5051
1906,461,3,0.5051
1907,462,3.3,0.45459
1908,462,3.3,0.45459
1909,463,0.295,0.12521
1910,463,0.29167,0.12257
1911,463,0.297,0.12243
1912,463,0.325,0.12455
1913,464,2.7,0.34082
1914,464,2.7,0.34082
1915,465,2.7,0.34082
1916,465,2.7,0.34082
1917,466,0.285,0.33249
1918,466,0.435,0.33697
1919,466,0.435,0.31489
1920,466,0.465,0.30953
1921,466,0.465,0.30804
1922,466,0.48,0.31789
1923,466,0.525,0.32388
1924,466,0.555,0.32772
1925,467,0.615,0.2434
1926,467,0.595,0.26186
1927,467,0.615,0.2569
1928,468,0.6,0.25413
1929,468,0.555,0.25001
1930,468,0.6075,0.24333
1931,469,0.585,0.2523
1932,469,0.585,0.24749
1933,469,0.5475,0.23667
1934,469,0.675,0.25665
1935,470,0.825,0.28779
1936,470,0.717,0.24751
1937,470,0.67875,0.24598
1938,470,0.63,0.24907
1939,471,1,0.25255
1940,471,1,0.25255
1941,471,0.795,0.31407
1942,471,1.065,0.29443
1943,471,1.155,0.37163
1944,471,1.395,0.3665
1945,472,1.85,1.0465
1946,472,1.85,1.0465
1947,472,4,0.75765
1948,472,4,0.75765
1949,472,4,0.75765
1950,472,4,0.75765
1951,472,4,0.75765
1952,472,4,0.75765
1953,472,4,0.75765
1954,472,4,0.75765
1955,472,4,0.75765
1956,472,4,0.75765
1957,472,4,0.75765
1958,473,0.5,0.15153
1959,473,0.5,0.15153
1960,473,0.5,0.15153
1961,473,0.5,0.15153
1962,474,1,0.25255
1963,474,1,0.25255
1964,474,1,0.25255
1965,474,1,0.25255
1966,474,1,0.25255
1967,474,1,0.25255
1968,474,1,0.25255
1969,474,1,0.25255
1970,474,1,0.25255
1971,474,1,0.25255
1972,474,1,0.25255
1973,474,1,0.25255
1974,474,1,0.25255
1975,474,1,0.25255
1976,475,1,0.25255
1977,475,1,0.25255
1978,475,1,0.25255
1979,475,1,0.25255
1980,476,0.645,0.2545
1981,476,0.645,0.2545
1982,476,0.45,0.23386
1983,476,0.45,0.23386
1984,477,2,0.5051
1985,477,2,0.5051
1986,477,2,0.5051
1987,477,2,0.5051
1988,478,2.85,0.86745
1989,478,2.85,0.86745
1990,479,1.05,1.0591
1991,479,1.05,1.0591
1992,480,1.975,0.52512
1993,480,1.975,0.52512
1994,481,3.55,0.85597
1995,481,1.65,1.0539
1996,482,0.585,0.27425
1997,482,0.735,0.29087
1998,483,2.3,0.29031
1999,483,2.3,0.29031
2000,484,4.1,0.5176
2001,484,4.1,0.5176
2002,484,4.1,0.5176
2003,485,2.475,0.44957
2004,485,2.835,0.35263
2005,486,0.38,0.20439
2006,486,0.445,0.20539
2007,486,0.59,0.22854
2008,486,0.56333,0.22393
2009,486,0.57667,0.22179
2010,486,0.51,0.21786
2011,486,0.48,0.21311
2012,486,0.41,0.20063
2013,486,0.33,0.2002
2014,486,0.41,0.21124
2015,487,2.175,0.49744
2016,487,2.175,0.49744
2017,487,1.875,0.59357
2018,487,1.875,0.59357
2019,488,3.25,0.71804
2020,488,3.25,0.71804
2021,488,2.725,0.48161
2022,488,2.725,0.48161
2023,489,0.41,0.15082
2024,489,0.51,0.15767
2025,489,0.52,0.15988
2026,489,0.51,0.16507
2027,489,0.57,0.16946
2028,490,0.36333,0.14619
2029,490,0.35,0.14597
2030,491,0.35,0.20905
2031,491,0.49,0.22584
2032,492,1.075,0.57619
2033,492,1.075,0.57619
2034,493,1.9,0.46284
2035,493,2.225,0.51823
2036,493,2,0.46803
2037,493,1.455,0.38071
2038,493,1.335,0.34182
2039,493,1.5,0.345
2040,493,1.605,0.3382
2041,493,1.395,0.29895
2042,493,1.365,0.34365
2043,494,0.765,0.30012
2044,494,0.795,0.29477
2045,494,0.855,0.28761
2046,494,0.855,0.28553
2047,494,0.885,0.27875
2048,494,0.885,0.30887
2049,495,0.405,0.3202
2050,495,0.675,0.34196
2051,496,0.825,0.34856
2052,496,0.915,0.35761
2053,497,0.33,0.14153
2054,497,0.33,0.14402
2055,497,0.29,0.14475
2056,498,0.47,0.21554
2057,498,0.55,0.22559
2058,498,0.634,0.24854
2059,498,0.64125,0.23392
2060,498,0.717,0.24386
2061,498,0.474,0.21224
2062,499,0.765,0.28464
2063,499,1.035,0.29784
2064,499,0.99,0.29447
2065,499,1.035,0.28862
2066,499,0.945,0.29119
2067,499,1.11,0.3067
2068,499,1.275,0.32221
2069,500,0.975,0.29433
2070,500,0.78,0.28586
2071,500,1.045,0.37643
2072,500,1.2417,0.43465
2073,500,1.575,0.51956
2074,501,1.115,0.31036
2075,501,1.125,0.30655
2076,501,1.125,0.30314
2077,501,1.275,0.32737
2078,501,1.535,0.3539
2079,501,1.485,0.36245
2080,501,2.075,0.4934
2081,501,2.125,0.53444
2082,502,1.125,0.52202
2083,502,1.025,0.48113
2084,502,0.875,0.49243
2085,502,0.975,0.49505
2086,503,0.38,0.20613
2087,503,0.39,0.20664
2088,503,0.39,0.21261
2089,504,0.675,0.24669
2090,504,0.645,0.26034
2091,504,0.615,0.27398
2092,505,0.675,0.54999
2093,505,0.425,0.5299
2094,505,0.425,0.51607
2095,505,0.325,0.53091
2096,505,0.575,0.46476
2097,505,0.9,0.40065
2098,506,7.65,1.0127
2099,506,6.5,1.3394
2100,506,6,1.4343
2101,506,2.1,1.7086
2102,506,3.6,1.5655
2103,506,5.525,1.3111
2104,507,4.4333,1.3521
2105,507,2.7,1.3294
2106,507,4.95,1.022
2107,507,4.15,0.87971
2108,508,5.65,0.84764
2109,508,5.45,0.79874
2110,508,5.05,0.78326
2111,508,4.85,0.81668
2112,508,4.45,0.8462
2113,509,6.1,1.2785
2114,509,6,1.3314
2115,509,5.9,1.3843
2116,510,0.435,0.29276
2117,510,0.435,0.29276
2118,511,4.075,0.53828
2119,511,4.825,0.45754
2120,511,4.7,0.46554
2121,511,4.575,0.47355
2122,511,4.825,0.42853
2123,511,4.575,0.4185
2124,511,4.695,0.35154
2125,511,4.635,0.3589
2126,511,4.575,0.36626
2127,511,4.905,0.34219
2128,511,5.085,0.36201
2129,512,1.45,0.93628
2130,512,2.15,0.76774
2131,513,4.175,0.54001
2132,513,4.175,0.54001
2133,514,0.41,0.16122
2134,514,0.39,0.14961
2135,514,0.38,0.15532
2136,515,0.37,0.14867
2137,515,0.35,0.1458
2138,516,0.35,0.14459
2139,516,0.35,0.14459
2140,517,0.35,0.14601
2141,517,0.31,0.14551
2142,517,0.3,0.14498
2143,517,0.35,0.14743
2144,518,0.255,0.24242
2145,518,0.255,0.24242
2146,519,0.165,0.27871
2147,519,0.165,0.27871
2148,520,0.51,0.23613
2149,520,0.48,0.22346
2150,520,0.45,0.21079
2151,520,0.51,0.22981
2152,520,0.5025,0.23299
2153,520,0.495,0.23617
2154,520,0.525,0.24192
2155,520,0.6,0.24965
2156,520,0.675,0.25738
2157,520,0.525,0.2554
2158,521,0.735,0.27778
2159,521,0.735,0.27128
2160,521,0.735,0.26478
2161,521,0.765,0.26363
2162,521,0.795,0.26247
2163,521,0.795,0.29302
2164,521,0.825,0.29051
2165,521,0.855,0.288
2166,521,0.945,0.36892
2167,522,0.645,0.28133
2168,522,0.6,0.26395
2169,522,0.56667,0.24108
2170,522,0.59,0.23009
2171,522,0.462,0.2189
2172,522,0.48333,0.2246
2173,523,0.57667,0.2367
2174,523,0.57,0.23499
2175,523,0.61,0.22514
2176,523,0.63,0.24627
2177,523,0.705,0.27671
2178,524,0.495,0.23957
2179,524,0.495,0.23957
2180,524,0.4325,0.23477
2181,524,0.37,0.22997
2182,524,0.37,0.22997
2183,525,0.3175,0.13869
2184,525,0.33,0.13259
2185,525,0.3425,0.1464
2186,525,0.4,0.16073
2187,525,0.47,0.16349
2188,525,0.48,0.16109
2189,526,0.41,0.18481
2190,526,0.41,0.19689
2191,527,0.35,0.14579
2192,527,0.35,0.14579
2193,527,0.33,0.14489
2194,527,0.2975,0.14213
2195,527,0.265,0.13937
2196,527,0.35,0.1478
2197,527,0.38,0.1502
2198,527,0.41,0.1526
2199,528,3.75,1.0076
2200,528,3.75,1.0076
2201,529,1.95,0.9192
2202,529,1.95,0.9192
2203,530,1.75,0.91748
2204,530,1.75,0.91748
2205,531,1.85,0.80621
2206,531,1.95,0.79126
2207,531,1.65,0.85026
2208,532,0.35,0.62826
2209,532,0.35,0.62826
2210,533,4.975,0.45538
2211,533,4.875,0.44125
2212,533,4.975,0.43856
2213,533,4.725,0.46596
2214,533,4.575,0.48033
2215,534,1.15,0.6939
2216,534,1.15,0.6939
2217,535,1.75,0.74026
2218,535,0.45,0.84715
2219,535,0.75,0.84024
2220,536,2.9167,0.93598
2221,536,2.65,1.0135
2222,536,2.15,1.0333
2223,537,0.41,0.15294
2224,537,0.51667,0.15968
2225,537,0.48,0.15897
2226,538,2,2.5102
2227,538,2,2.5102
2228,538,2,2.5102
2229,538,2,2.5102
2230,538,2,2.5102
2231,538,2,2.5102
2232,538,2,2.5102
2233,538,2,2.5102
2234,538,2,2.5102
2235,538,2,2.5102
2236,539,0.1525,0.048536
2237,539,0.15,0.048692
2238,539,0.15417,0.04925
2239,539,0.1575,0.04938
2240,540,2.6,0.32832
2241,540,2.6,0.32832
2242,541,1.425,0.49678
2243,541,1.325,0.48728
2244,541,0.825,0.56715
2245,541,0.725,0.58126
2246,541,0.775,0.58903
2247,541,1.05,0.5729
2248,541,1.125,0.61082
2249,542,1.575,0.47635
2250,542,1.7,0.47643
2251,542,1.725,0.49997
2252,542,0.725,0.56191
2253,542,0.35,0.65571
2254,542,0.725,0.60099
2255,543,0.675,0.46478
2256,543,0.675,0.46478
2257,543,1.125,0.36751
2258,543,1.125,0.36751
2259,544,0.53,0.22044
2260,544,0.49833,0.23855
2261,544,0.5525,0.22549
2262,544,0.56,0.2147
2263,544,0.58,0.22441
2264,544,0.55,0.22127
2265,544,0.5475,0.23031
2266,544,0.52333,0.21724
2267,544,0.54833,0.23186
2268,545,0.59,0.23217
2269,545,0.23,0.22576
2270,546,0.225,0.4563
2271,546,1.5,0.5051
2272,546,1.5,0.5051
2273,546,1.5,0.5051
2274,546,1.5,0.5051
2275,546,1.5,0.5051
2276,546,1.5,0.5051
2277,546,1.5,0.5051
2278,546,1.5,0.5051
2279,547,1.175,0.45307
2280,547,1.175,0.45307
2281,547,0.825,0.48269
2282,547,0.475,0.5123
2283,547,0.475,0.5123
2284,547,0.625,0.42846
2285,547,0.625,0.42846
2286,547,0.4,0.40093
2287,547,0.175,0.3734
2288,547,0.175,0.3734
2289,547,0.175,0.3749
2290,548,0.195,0.25808
2291,548,0.195,0.25808
2292,549,0.6,0.26319
2293,549,0.69,0.25949
2294,549,0.705,0.26452
2295,549,0.735,0.27342
2296,549,0.735,0.27963
2297,549,0.705,0.28246
2298,550,1.065,0.33909
2299,550,0.975,0.41242
2300,550,0.975,0.33739
2301,550,0.795,0.28828
2302,550,0.885,0.29791
2303,550,0.735,0.27804
2304,550,0.753,0.27614
2305,550,0.745,0.27266
2306,550,0.685,0.26029
2307,550,0.585,0.2434
2308,550,0.48,0.24749
2309,551,0.585,0.26013
2310,551,0.165,0.25905
2311,552,0.68125,0.2579
2312,552,0.65875,0.24507
2313,552,0.675,0.24756
2314,553,2.825,0.65561
2315,553,2.875,0.52643
2316,553,2.8083,0.4685
2317,553,2.775,0.43953
2318,554,1.525,0.46589
2319,554,0.975,0.62201
2320,555,0.235,0.14354
2321,555,0.25167,0.14226
2322,555,0.285,0.13971
2323,556,0.25,0.19309
2324,556,0.45,0.22354
