%slip deficit rates and upper and lower 95 confidence bounds (mm/yr) for subsections in model: NZSHM22_RuptureSet-UnVwdHVyZUdlbmVyYXRpb25UYXNrOjc5OTBvWWZMVw
%json files for subsection definitions were obtained form this link, provided by Chris Chamberlain in am email to Kaj Johnson on Feb 4, 2022: http://simple-toshi-ui.s3-website-ap-southeast-2.amazonaws.com/FileDetail/RmlsZToyMjE4My4wUGVpWGE=
%columns indicate:  FaultId, ParentId, slip deficit rate (most probable rate), lower 95 confidence level, upper 95 confidence level 
0,0,1.1875,0.49467,2.49
1,0,0.955,0.40836,2.3228
2,0,0.625,0.21848,1.9034
3,1,0.295,0.044394,0.3
4,1,0.295,0.044394,0.3
5,2,1.525,1.0351,3.3534
6,2,1.525,1.0351,3.3534
7,3,0.7,0.21718,5.4121
8,3,0.9,0.31091,6.1662
9,3,0.9,0.2908,7.0306
10,4,0.195,0.060662,1.1865
11,4,0.36,0.12393,1.4526
12,5,0.575,0.21302,2.03
13,5,0.9,0.37181,2.2831
14,5,1.625,0.8179,2.878
15,5,2.175,1.1443,3.2408
16,6,1.05,0.45204,3.529
17,6,0.85,0.42083,3.5252
18,7,0.475,0.20912,2.3642
19,7,0.475,0.20912,2.3642
20,8,19.05,15.796,21.14
21,8,18.75,15.147,20.217
22,9,20.35,16.745,22.587
23,9,20.25,16.854,22.384
24,9,20.05,17.07,21.977
25,10,19.3,14.287,22.331
26,10,18.1,15.135,22.743
27,11,3.1,1.4457,6.7758
28,11,5.3,1.1778,6.6519
29,12,24.883,21.513,26.518
30,12,24.675,22.324,26.255
31,12,24.9,22.99,26.461
32,12,25.375,22.411,26.641
33,12,25.983,22.44,27.127
34,12,28.65,25.536,29.766
35,12,28.6,24.215,29.636
36,12,29.025,26.065,30.186
37,12,28.95,25.958,30.265
38,12,29.35,25.837,30.484
39,12,28.85,25.962,30.389
40,13,24.925,23.491,26.197
41,13,24.275,23.29,25.559
42,13,24.925,24.064,26.343
43,13,24.65,23.725,25.891
44,13,24.775,23.918,26.069
45,13,25.025,24.119,26.21
46,13,25.275,24.319,26.352
47,13,28.325,27.393,29.498
48,13,29.725,28.775,30.854
49,13,30.525,29.514,31.643
50,13,30.475,29.516,31.591
51,13,30.3,29.287,31.437
52,13,30.125,29.057,31.283
53,13,29.975,28.784,30.838
54,13,29.725,28.69,30.797
55,13,28.925,27.892,29.921
56,13,24.925,23.743,25.891
57,13,23.85,22.68,24.871
58,13,22.775,21.617,23.851
59,13,22.275,21.236,23.378
60,13,21.375,20.247,22.422
61,14,11.85,9.88,13.031
62,14,15.425,13.798,16.566
63,14,15.425,13.798,16.566
64,14,16.525,14.719,17.565
65,14,18.975,17.825,20.438
66,14,18.625,17.568,20.224
67,14,18.275,17.311,20.01
68,14,18.175,17.083,20.079
69,14,16.725,15.758,18.313
70,14,10.225,8.6801,11.084
71,15,15.7,13.8,16.7
72,15,15.7,13.8,16.7
73,16,15.7,13.8,16.7
74,16,15.7,13.8,16.7
75,17,31.4,27.9,33.5
76,17,31.4,27.9,33.5
77,17,31.4,27.9,33.5
78,17,31.4,27.9,33.5
79,17,31.4,27.9,33.5
80,17,31.4,27.9,33.5
81,18,31.4,27.9,33.5
82,18,31.4,27.9,33.5
83,18,31.4,27.9,33.5
84,18,31.4,27.9,33.5
85,18,31.4,27.9,33.5
86,18,31.4,27.9,33.5
87,18,31.4,27.9,33.5
88,18,31.4,27.9,33.5
89,19,7.125,5.8385,8.5843
90,19,5.875,4.7085,7.3105
91,19,3.2,2.1307,4.8268
92,19,3.85,2.6401,5.1548
93,19,5.275,4.1303,6.8346
94,19,5.075,3.8702,6.2961
95,19,4.4,3.1018,5.6095
96,20,0.25,0.10807,3.1826
97,20,0.35,0.14187,3.5261
98,20,0.8,0.43529,4.6197
99,20,1.15,0.69491,5.3699
100,20,0.75,0.3096,5.0956
101,20,1.5,0.7976,6.6031
102,21,0.225,0.079531,1.6174
103,21,0.225,0.079531,1.6174
104,22,0.0915,0.032148,0.16027
105,22,0.0915,0.032148,0.16027
106,23,0.45,0.16622,4.3824
107,23,0.75,0.31637,4.6037
108,23,1.05,0.46652,4.8249
109,24,0.65,0.29306,4.79
110,24,0.91667,0.4275,4.9418
111,24,0.35,0.10618,3.1546
112,25,0.9,0.31994,7.8384
113,25,0.8,0.28019,7.4255
114,25,0.7,0.24044,7.0126
115,26,0.35,0.14874,3.2479
116,26,0.35,0.11163,2.7719
117,27,0.25,0.1,0.5
118,27,0.25,0.1,0.5
119,28,0.53,0.17658,0.89803
120,28,0.55,0.19321,0.90335
121,29,0.45,0.19797,3.1927
122,29,0.35,0.14094,3.1521
123,29,0.5,0.18079,3.8271
124,29,0.25,0.087873,3.4551
125,29,0.25,0.085615,3.4736
126,30,4.55,3.4693,7.1621
127,30,4.95,3.8904,7.6787
128,30,5.35,4.3115,8.1954
129,30,5.65,4.5822,7.9394
130,30,6.55,5.3838,9.7579
131,30,5.975,4.8741,7.626
132,30,5.975,4.8741,7.626
133,30,4.55,3.5688,6.7256
134,31,6.45,3.0873,7.8259
135,31,8.05,3.5183,9.0443
136,32,1.025,0.52727,3.3905
137,32,1.75,1.0113,3.9593
138,32,2.15,1.4086,4.4456
139,32,3.15,2.2231,5.2025
140,32,3.5875,2.6673,5.5464
141,32,3.4375,2.4892,5.4069
142,32,3.55,2.5351,6.0805
143,32,2.925,2.0242,4.6089
144,32,2.95,1.771,4.9435
145,33,0.47,0.16037,0.77809
146,33,0.43,0.137,0.75238
147,34,0.15,0.060268,2.6158
148,34,0.15,0.060268,2.6158
149,35,2.95,1.9433,5.7034
150,35,2.75,1.653,5.0291
151,36,0.5,0.1,1
152,36,0.5,0.1,1
153,36,0.5,0.1,1
154,36,0.5,0.1,1
155,37,0.33,0.092775,0.69742
156,37,0.39,0.12462,0.73403
157,37,0.43,0.16405,0.7786
158,37,0.345,0.11501,0.68176
159,37,0.385,0.21104,0.76036
160,38,0.45,0.18024,0.79359
161,38,0.49,0.18676,0.80252
162,39,0.55,0.20335,0.81796
163,39,0.454,0.16612,0.76714
164,39,0.45,0.17187,0.78117
165,40,0.675,0.22834,2.8289
166,40,0.375,0.16566,2.2917
167,40,0.525,0.226,2.5081
168,41,0.075,0.028376,1.3369
169,41,0.075,0.028376,1.3369
170,42,0.885,0.31533,1.661
171,42,0.3675,0.13506,1.4481
172,42,0.2925,0.11673,1.4592
173,42,0.585,0.24199,1.7055
174,43,0.47,0.18835,0.79951
175,43,0.49667,0.18422,0.80159
176,43,0.48,0.1768,0.79633
177,44,0.49,0.21566,0.80648
178,44,0.39,0.1266,0.74118
179,45,0.61,0.23759,1.127
180,45,0.57,0.21425,1.1074
181,45,0.53,0.17448,1.0422
182,45,0.5575,0.17482,1.0837
183,46,0.8375,0.31508,2.8793
184,46,0.905,0.38057,2.8438
185,47,0.825,0.31978,2.9657
186,47,0.825,0.31978,2.9657
187,48,4.25,3.2427,7.1498
188,48,4.05,3.2117,7.0028
189,48,4.35,3.4521,7.268
190,48,4.6,3.6654,7.3198
191,48,4.85,3.8788,7.3716
192,48,3.65,2.8423,6.3617
193,48,3.05,2.2071,5.7831
194,48,2.3,1.483,4.9309
195,48,1.35,0.68126,4.1393
196,48,1.35,0.68126,4.1393
197,49,4.625,3.7157,6.163
198,49,4.625,3.7157,6.163
199,49,4.375,3.4613,5.9812
200,49,4.125,3.2068,5.7994
201,50,0.63,0.25249,0.95715
202,50,0.57,0.20486,0.92134
203,50,0.5,0.18889,0.91796
204,50,0.43,0.14834,0.86929
205,50,0.47,0.17158,0.88904
206,51,0.575,0.40579,2.8209
207,51,0.6,0.44932,2.4953
208,51,0.44167,0.33854,1.9329
209,51,0.075,0.029898,1.4592
210,52,1.1,0.46571,6.0585
211,52,2.3,1.7,2.9
212,53,1.95,1.1965,5.8008
213,53,1.6,0.92323,5.4109
214,53,1.25,0.64993,5.021
215,54,0.39,0.13393,0.75179
216,54,0.37667,0.11404,0.73525
217,54,0.37,0.10409,0.72698
218,55,0.55,0.19464,3.2602
219,55,0.55,0.19464,3.2602
220,56,0.555,0.15919,1.575
221,56,0.555,0.15919,1.575
222,57,0.25,0.086748,4.2134
223,57,0.25,0.082121,4.2665
224,57,0.3,0.096631,4.3732
225,57,0.325,0.10741,4.4489
226,57,0.25,0.089285,4.4357
227,58,3.225,2.4034,4.9357
228,58,3.6583,2.7604,5.4951
229,58,3.45,2.5679,5.4368
230,58,2.9,2.0648,4.8044
231,58,3.0625,2.1796,4.9996
232,58,3.8875,2.9159,5.8704
233,58,5.175,4.1039,7.1729
234,58,6.3,5.144,8.4845
235,59,0.65,0.26072,4.3607
236,59,0.95,0.41269,4.7426
237,59,1.1,0.53134,4.6928
238,59,1.25,0.66886,4.5596
239,59,2.45,1.7611,6.02
240,59,4.65,3.7576,8.3709
241,59,5.2167,4.2475,8.8498
242,59,6.4,5.4913,10.075
243,59,6.85,5.9842,10.68
244,59,6.45,5.6593,10.372
245,60,1.4,0.6679,2.6908
246,60,1.4125,0.76551,2.5886
247,60,1.5917,0.89727,2.6908
248,60,1.4583,0.83952,2.5726
249,60,1.925,1.0943,2.8046
250,60,1.925,1.0912,2.8283
251,61,0.43,0.18345,0.80713
252,61,0.37,0.11622,0.7049
253,62,1.0583,0.42471,2.788
254,62,2.125,1.4133,4.1643
255,62,2.3,1.5614,3.6793
256,62,1.875,1.2967,3.4088
257,62,2.725,1.7924,3.8135
258,62,2.65,1.7917,3.9512
259,62,1.8083,1.1326,3.3189
260,62,1,0.47982,2.292
261,63,0.7,0.3,1.1
262,63,0.7,0.3,1.1
263,63,0.7,0.3,1.1
264,64,0.7,0.3,1.1
265,64,0.7,0.3,1.1
266,64,0.7,0.3,1.1
267,64,0.7,0.3,1.1
268,64,0.7,0.3,1.1
269,64,0.7,0.3,1.1
270,64,0.7,0.3,1.1
271,64,0.7,0.3,1.1
272,64,0.7,0.3,1.1
273,64,0.7,0.3,1.1
274,65,0.8,0.3,1.3
275,65,0.8,0.3,1.3
276,65,0.8,0.3,1.3
277,66,0.7,0.3,1.1
278,66,0.7,0.3,1.1
279,66,0.7,0.3,1.1
280,66,0.7,0.3,1.1
281,67,0.7,0.3,1.1
282,67,0.7,0.3,1.1
283,67,0.7,0.3,1.1
284,67,0.7,0.3,1.1
285,67,0.7,0.3,1.1
286,67,0.7,0.3,1.1
287,67,0.7,0.3,1.1
288,68,0.5,0.1,0.9
289,68,0.5,0.1,0.9
290,68,0.5,0.1,0.9
291,68,0.5,0.1,0.9
292,68,0.5,0.1,0.9
293,68,0.5,0.1,0.9
294,69,0.8,0.3,1.3
295,69,0.8,0.3,1.3
296,69,0.8,0.3,1.3
297,69,0.8,0.3,1.3
298,69,0.8,0.3,1.3
299,69,0.8,0.3,1.3
300,70,0.7,0.3,1.1
301,70,0.7,0.3,1.1
302,70,0.7,0.3,1.1
303,70,0.7,0.3,1.1
304,70,0.7,0.3,1.1
305,71,0.8,0.3,1.3
306,71,0.8,0.3,1.3
307,71,0.8,0.3,1.3
308,72,0.37,0.099229,0.75898
309,72,0.29,0.073542,0.69283
310,73,0.705,0.19238,1.4147
311,73,0.465,0.13802,1.29
312,73,0.405,0.12572,1.3334
313,73,0.345,0.11342,1.3768
314,74,2,0,10
315,74,2,0,10
316,74,2,0,10
317,74,2,0,10
318,74,2,0,10
319,74,2,0,10
320,74,2,0,10
321,74,2,0,10
322,74,2,0,10
323,75,0.4,0.2,0.6
324,75,0.4,0.2,0.6
325,76,3,1.5,4.5
326,76,3,1.5,4.5
327,77,0.37,0.13164,0.76593
328,77,0.362,0.09502,0.73862
329,77,0.36,0.091987,0.74213
330,77,0.33,0.1116,0.74629
331,78,1.5,0.79388,6.9938
332,78,1.4333,0.76736,6.7163
333,78,1.3,0.71433,6.1611
334,78,0.85,0.56383,4.9253
335,78,0.85,0.56383,4.9253
336,79,0.15,0.033409,2.9732
337,79,0.15,0.033409,2.9732
338,79,0.25,0.14052,2.6016
339,79,0.25,0.14052,2.6016
340,80,6.275,4.9261,7.5055
341,80,6.625,4.9433,7.8224
342,80,5.475,3.9673,6.9545
343,80,5.0417,3.5029,6.3926
344,80,3.875,2.5074,5.4376
345,81,1.4625,0.91983,3.754
346,81,1.6625,1.1598,3.9956
347,81,1.85,1.3665,4.4149
348,81,2.75,2.1787,5.319
349,81,2.75,2.1787,5.319
350,81,3.85,3.0613,6.1581
351,82,8.725,7.5764,10.485
352,82,8.525,7.469,9.9778
353,82,8.225,7.0884,9.5646
354,82,6.575,5.5252,8.4833
355,82,6.225,5.3117,7.7358
356,82,4.3583,3.5618,6.0782
357,82,2.125,1.3473,3.7989
358,83,1.095,0.61548,2.0786
359,83,1.085,0.46458,1.9605
360,83,1.075,0.31367,1.8425
361,84,1.185,0.5214,1.5746
362,84,1.185,0.5214,1.5746
363,85,0.7,0.30971,6.7373
364,85,0.7,0.30971,6.7373
365,86,4.9,3.3098,12.117
366,86,4.9,3.3098,12.117
367,87,0.65,0.41304,4.3605
368,87,0.65,0.41304,4.3605
369,88,0.725,0.29535,2.776
370,88,0.475,0.16875,2.1793
371,88,0.575,0.25658,2.5959
372,89,2.75,1.6716,6.3737
373,89,2,1,3
374,89,2,1,3
375,90,0.625,0.19843,2.2938
376,90,1.975,1.2077,3.5489
377,90,1.975,1.2077,3.5489
378,91,0.49,0.14933,0.77064
379,91,0.41,0.12835,0.74828
380,92,1.075,0.58891,3.3007
381,92,0.875,0.41184,3.1113
382,92,0.875,0.49071,3.1856
383,93,0.25,0.093967,4.0272
384,93,0.9,0.44618,5.6361
385,93,0.46667,0.21193,4.8186
386,93,0.25,0.094808,4.4098
387,94,0.478,0.18821,0.7885
388,94,0.50333,0.20318,0.79596
389,94,0.46,0.16759,0.78333
390,95,2.225,1.3334,3.6249
391,95,2.825,1.8332,4.2946
392,95,3.065,2.007,4.6598
393,95,3.125,2.0177,4.8728
394,96,0.525,0.38411,2.2986
395,96,0.225,0.075151,2.1358
396,96,0.325,0.17635,2.1861
397,96,0.6125,0.35942,2.6741
398,96,0.85,0.49188,3.1368
399,97,1.15,0.78825,3.6735
400,97,1.15,0.78825,3.6735
401,98,0.61667,0.23026,3.6568
402,98,0.8,0.37319,4.2733
403,98,1.05,0.49446,4.7314
404,99,0.095,0.019376,0.1
405,99,0.075,0.020221,0.093003
406,99,0.055,0.021066,0.086007
407,100,0.125,0.042166,2.0857
408,100,0.225,0.068771,2.3233
409,100,0.5375,0.19616,2.8196
410,100,0.8,0.32147,3.1262
411,100,0.85,0.346,3.1742
412,100,0.275,0.10221,2.4677
413,101,0.275,0.11362,2.0919
414,101,0.275,0.11362,2.0919
415,102,0.225,0.073196,2.3876
416,102,0.225,0.073196,2.3876
417,103,0.47,0.19335,0.808
418,103,0.49,0.19941,0.8235
419,104,0.44,0.16432,0.77657
420,104,0.48,0.17772,0.79028
421,104,0.49,0.1763,0.79704
422,105,1.0167,0.42327,3.9071
423,105,0.6,0.21501,3.4001
424,105,0.45,0.16807,3.415
425,105,0.55,0.20252,3.5761
426,105,0.5,0.20803,3.433
427,106,3.015,2.1647,3.7298
428,106,3.015,2.1647,3.7298
429,106,3.075,2.4638,3.9401
430,106,3.075,2.4638,3.9401
431,107,1.85,1.4073,4.5601
432,107,1.55,1.0936,4.4318
433,108,2.25,1.7003,4.6955
434,108,2.25,1.7003,4.6955
435,109,0.27,0.065891,0.71269
436,109,0.31,0.076977,0.71567
437,110,3.1833,2.1168,5.1166
438,110,3.0333,1.9685,4.8653
439,110,4.075,3.1741,6.7457
440,110,3.35,2.5538,5.5914
441,110,2.875,1.958,4.829
442,111,0.65,0.41423,3.4961
443,111,0.85,0.54707,3.9743
444,111,0.95,0.59363,4.0385
445,111,1,0.58716,4.3564
446,112,0.85,0.65723,1.3598
447,112,0.84167,0.557,1.3512
448,112,0.675,0.29395,1.2692
449,112,0.9375,0.45671,1.5134
450,113,0.415,0.23366,0.77145
451,113,0.4525,0.21469,0.77791
452,113,0.49,0.19572,0.78437
453,114,0.615,0.22707,1.3861
454,114,0.645,0.20474,1.4031
455,114,0.555,0.16055,1.315
456,114,0.575,0.16634,1.3503
457,114,0.54,0.1797,1.3665
458,114,0.495,0.19017,1.365
459,114,0.525,0.26523,1.4347
460,115,0.275,0.10017,2.6404
461,115,0.325,0.13478,2.9003
462,115,0.39,0.14734,2.9702
463,115,0.45,0.14022,2.88
464,116,0.65,0.25026,3.7588
465,116,1.25,0.84206,4.4539
466,116,1.55,0.86206,5.1603
467,116,1.75,1.0003,5.222
468,117,0.35,0.16534,3.4292
469,117,0.45,0.20884,4.0047
470,118,0.25,0.07706,3.4784
471,118,0.15,0.052783,3.6458
472,118,0.15,0.049124,3.1719
473,119,0.75,0.37389,4.2479
474,119,0.61667,0.26105,4.1454
475,119,0.35,0.13496,3.5783
476,120,0.3,0.1,0.5
477,120,0.3,0.1,0.5
478,120,0.3,0.1,0.5
479,120,0.3,0.1,0.5
480,121,0.46,0.17849,0.80054
481,121,0.46,0.17849,0.80138
482,121,0.43,0.15669,0.77227
483,121,0.43,0.14929,0.76149
484,122,0.75,0.26461,1.8749
485,122,0.60833,0.22808,1.8025
486,122,0.5,0.1806,1.7362
487,122,0.575,0.22742,1.7484
488,122,0.675,0.2756,1.8073
489,122,0.58,0.22455,1.7162
490,122,0.655,0.27694,1.7561
491,122,0.80833,0.34023,1.8659
492,122,0.825,0.31506,1.8369
493,122,0.725,0.35099,1.918
494,123,3.1,2.0563,4.9658
495,123,2.475,1.533,4.404
496,123,2.4917,1.6282,4.5908
497,123,2.75,1.8612,4.8653
498,123,2.95,2.1218,5.1579
499,123,3.05,1.9923,5.2714
500,123,3.05,2.0703,5.4055
501,123,2.85,1.8037,5.2359
502,124,0.725,0.40682,2.4729
503,124,0.9,0.46063,2.6346
504,124,0.9375,0.48761,2.4931
505,124,1.075,0.53795,2.418
506,125,0.9,0.20531,7.802
507,125,0.9,0.27057,7.1991
508,125,0.725,0.29441,5.3807
509,125,0.55,0.18772,4.7681
510,126,0.25,0.084163,3.6057
511,126,0.35,0.1161,3.8377
512,126,0.45,0.14804,4.0697
513,127,0.785,0.25337,1.4286
514,127,0.885,0.3115,1.5193
515,128,0.43,0.16136,0.78597
516,128,0.47,0.16186,0.78045
517,128,0.47,0.16995,0.79103
518,129,0.49,0.20161,0.81103
519,129,0.445,0.17995,0.77246
520,129,0.49,0.20152,0.81213
521,130,0.41,0.1421,0.76501
522,130,0.374,0.11244,0.73717
523,130,0.35,0.092672,0.7186
524,131,1.05,0.49795,3.3767
525,131,1.15,0.53663,3.4328
526,131,1,0.45956,3.5256
527,131,0.75,0.32549,3.5288
528,132,0.71,0.1167,0.71918
529,132,0.71,0.1167,0.71918
530,133,0.37,0.13945,0.78188
531,133,0.35,0.11403,0.72824
532,134,0.365,0.11261,0.65955
533,134,0.355,0.097306,0.67583
534,134,0.33667,0.10351,0.69632
535,135,0.525,0.20238,2.5024
536,135,0.525,0.20082,2.4416
537,135,0.325,0.11251,2.2717
538,136,0.7,0.28757,8.2881
539,136,0.7,0.28757,8.2881
540,137,0.425,0.16474,2.4244
541,137,0.375,0.11883,2.3947
542,137,0.425,0.15535,2.6435
543,137,0.45,0.17361,2.7679
544,138,3.875,2.831,5.6842
545,138,3.725,2.7122,5.3705
546,139,0.56,0.23709,0.84815
547,139,0.43,0.15962,0.75351
548,139,0.37,0.11885,0.704
549,140,1.25,0.63756,4.2901
550,140,1.25,0.63756,4.2901
551,141,1.75,0.98406,5.0115
552,141,2.05,1.3264,5.3203
553,141,2.05,1.3264,5.3203
554,141,2.45,1.6543,5.2673
555,141,2.25,1.5276,5.8217
556,142,2.375,1.5693,4.0191
557,142,2.225,1.2983,3.8129
558,142,3.275,2.2882,4.81
559,142,1.2375,0.68969,2.3266
560,142,0.3,0.1,0.6
561,142,0.3,0.1,0.6
562,143,0.63,0.23269,1.1321
563,143,0.43,0.13793,1.0189
564,143,0.59,0.19205,1.0951
565,143,0.6,0.21566,1.1157
566,143,0.64333,0.25165,1.139
567,143,0.76,0.31735,1.1982
568,144,0.33,0.098565,0.71499
569,144,0.35,0.10686,0.7494
570,144,0.29,0.075419,0.70871
571,145,0.35,0.1565,3.8405
572,145,0.35,0.1565,3.8405
573,146,0.75,0.26853,3.3166
574,146,0.75,0.26853,3.3166
575,147,0.525,0.18947,2.8453
576,147,0.525,0.18947,2.8453
577,148,1.7,0.93793,8.3139
578,148,1.5667,0.85096,7.6556
579,148,1.3,0.64971,6.5664
580,148,1.3,0.59509,7.0213
581,149,0.41667,0.13459,0.75107
582,149,0.42333,0.13821,0.75902
583,149,0.35,0.091632,0.724
584,150,0.725,0.28672,2.7672
585,150,0.64167,0.26407,2.6775
586,150,0.475,0.21875,2.4983
587,150,0.175,0.075103,2.0639
588,150,0.175,0.075103,2.0639
589,151,0.49667,0.18894,0.80475
590,151,0.52,0.21108,0.82488
591,151,0.51,0.19342,0.8119
592,151,0.45,0.16613,0.77559
593,151,0.33,0.093796,0.70703
594,151,0.35,0.088821,0.72573
595,152,0.625,0.28592,1.9941
596,152,0.675,0.28753,2.0041
597,153,0.48,0.1832,0.79807
598,153,0.45,0.17097,0.77302
599,153,0.4,0.15278,0.75363
600,153,0.48,0.20602,0.80635
601,153,0.55,0.23507,0.84222
602,154,2.45,1.4159,4.973
603,154,2.75,1.7478,5.4864
604,154,2.75,1.7133,5.5053
605,155,0.85,0.4658,5.1254
606,155,0.55,0.16451,3.9119
607,155,0.55,0.16451,3.9119
608,155,0.65,0.23001,3.7779
609,156,8.7625,7.2241,10.372
610,156,9.3625,7.9822,11.12
611,156,10.088,8.6605,11.956
612,156,10.925,9.3557,12.433
613,156,11.025,9.5619,12.567
614,156,11.65,10.583,14.048
615,156,11.65,10.583,14.048
616,156,11.95,10.249,13.516
617,157,6.15,4.8906,8.2265
618,157,5.875,4.5319,7.5814
619,158,0.95,0.68512,3.2983
620,158,0.95,0.68512,3.2983
621,159,2.95,2.5234,5.9691
622,159,2.95,2.5234,5.9691
623,160,2.45,1.7832,5.3621
624,160,1.25,0.77048,3.9414
625,160,1.95,1.2525,4.7385
626,160,2.65,1.7346,5.5356
627,160,2.45,1.6923,5.8818
628,161,13.95,12.152,15.474
629,161,13.95,12.152,15.474
630,162,6.05,4.6075,8.4903
631,162,6.05,4.6075,8.4903
632,163,10.15,8.5174,13.276
633,163,7.25,5.2032,9.6226
634,163,7.25,5.2032,9.6226
635,163,7.35,5.1141,9.2835
636,164,3.475,2.4056,4.7112
637,164,2.875,1.9493,3.8475
638,164,2.475,1.6579,3.5288
639,164,2.075,1.3664,3.21
640,165,1.35,0.8207,5.0057
641,165,3.35,2.6037,7.3213
642,165,3.35,2.6037,7.3213
643,165,3.95,3.0125,8.0689
644,165,3.95,3.0125,8.0689
645,165,4.85,3.947,8.1323
646,166,2.15,1.3897,3.2087
647,166,2.525,1.6761,3.5099
648,166,1.7,0.857,2.8117
649,166,1.625,0.70914,2.7686
650,167,1.725,1.0389,3.4934
651,167,2,1.2498,3.8885
652,167,2.1,1.3211,3.8654
653,167,2.4,1.5778,4.1448
654,167,2.225,1.4539,4.2154
655,168,0.43,0.15236,0.7729
656,168,0.46,0.15995,0.77973
657,168,0.44,0.15361,0.77603
658,169,3,1,5
659,169,3,1,5
660,169,3,1,5
661,169,3,1,5
662,169,3,1,5
663,169,1.1,0.47568,8.1957
664,170,0.5,0.1,1
665,170,0.5,0.1,1
666,170,0.5,0.1,1
667,170,0.5,0.1,1
668,170,0.5,0.1,1
669,170,3.1,2.1132,6.3759
670,170,3.2,2.1804,6.5731
671,170,1.25,0.59062,4.461
672,171,1.95,1.1491,4.6796
673,171,1.8,1.0434,4.2608
674,171,1.8,1.051,4.2766
675,171,1.95,1.1643,4.7112
676,171,2.15,1.1323,5.1275
677,172,1.3717,0.65021,2.3044
678,172,1.7917,0.9281,2.6755
679,172,1.525,0.77849,2.4943
680,172,1.525,0.77514,2.4074
681,172,1.6,0.81594,2.4173
682,173,0.55,0.19669,1.8014
683,173,0.45,0.17942,1.7604
684,173,0.375,0.16036,1.7593
685,173,0.275,0.11585,1.7354
686,173,0.425,0.14125,1.769
687,173,0.425,0.12784,1.7103
688,174,1.69,1.2397,4.6272
689,174,1.49,1.093,4.0085
690,175,0.925,0.45066,2.7118
691,175,1.2,0.73775,2.9905
692,175,1.025,0.57832,2.9051
693,175,0.84167,0.45656,2.7157
694,175,0.6,0.29495,2.4455
695,175,0.65833,0.29393,2.6836
696,175,0.8375,0.35138,3.0599
697,176,0.595,0.25084,0.7754
698,176,0.65333,0.30272,0.88097
699,176,0.69,0.32858,0.92058
700,177,0.825,0.32343,2.0711
701,177,0.8875,0.38956,2.0601
702,177,0.925,0.36503,2.0645
703,177,0.875,0.30793,2.0742
704,178,0.63,0.22642,1.1334
705,178,0.73,0.25318,1.1908
706,179,0.75,0.27744,4.0304
707,179,0.75,0.27744,4.0304
708,180,0.975,0.47037,3.0892
709,180,1.075,0.51762,3.2613
710,181,0.5,0.1702,2.5349
711,181,0.575,0.19342,2.5842
712,182,0.625,0.33206,2.8083
713,182,0.65,0.34447,2.7614
714,182,0.875,0.41973,3.0405
715,182,0.7875,0.35469,3.0225
716,183,2.95,2.1096,6.3288
717,183,3.6,2.86,6.463
718,184,0.35,0.1,0.6
719,184,0.35,0.1,0.6
720,184,0.35,0.1,0.6
721,184,0.35,0.1,0.6
722,184,0.35,0.1,0.6
723,184,0.35,0.1,0.6
724,184,3.1083,2.2275,4.2492
725,184,3.675,2.7595,4.6644
726,184,3.475,2.4684,4.4209
727,184,3.025,1.962,4.002
728,185,3.475,2.6213,4.6067
729,185,3.475,2.6213,4.6067
730,185,3.325,2.415,4.2524
731,186,0.47,0.14955,0.77482
732,186,0.47,0.14955,0.77482
733,187,0.775,0.38041,3.1389
734,187,0.775,0.38041,3.1389
735,187,0.775,0.38041,3.1389
736,187,1.85,1.0856,4.8727
737,187,1.85,1.0856,4.8727
738,188,0.55,0.20508,3.5267
739,188,0.75,0.29916,3.8329
740,188,0.85,0.3462,3.986
741,189,0.55,0.21576,5.2822
742,189,0.8,0.29701,4.8312
743,190,0.95,0.37052,4.5608
744,190,0.95,0.41431,5.1827
745,190,0.95,0.41431,5.1827
746,190,0.55,0.20782,4.756
747,191,0.65,0.36753,3.3549
748,191,0.88333,0.4352,4.4257
749,192,1.35,0.62739,4.696
750,192,1,0.46318,4.4166
751,192,0.85,0.41131,4.2566
752,192,1.55,0.764,5.5748
753,193,3.625,2.0543,4.9113
754,193,4.125,2.4709,5.3474
755,193,5.15,3.4946,6.3425
756,193,5.85,4.1859,6.9601
757,193,4.8375,3.2819,6.1135
758,194,0.325,0.11531,2.4435
759,194,0.325,0.11531,2.4435
760,194,0.575,0.29409,2.6793
761,194,0.575,0.29409,2.6793
762,195,0.35,0.10673,3.4824
763,195,0.2125,0.070667,2.782
764,195,0.2125,0.074558,2.6584
765,195,0.25,0.093203,2.8651
766,195,0.35,0.11109,3.3358
767,196,4.7875,3.6162,6.9262
768,196,5.95,4.5888,8.315
769,196,6.85,5.1815,8.8981
770,197,3,1,4
771,197,3,1,4
772,197,3,1,4
773,197,3,1,4
774,197,3,1,4
775,197,3,1,4
776,197,0.25,0.12083,3.9216
777,197,3,1,4
778,197,3,1,4
779,197,3,1,4
780,197,3,1,4
781,197,3,1,4
782,198,5.225,4.7105,6.7022
783,198,6.8,6.0889,8.1741
784,198,9.35,8.4142,10.559
785,198,10.925,9.9349,12.266
786,198,11.525,10.509,13.06
787,198,11.575,10.652,12.986
788,198,11.225,9.8496,12.22
789,199,1.035,0.45117,1.5677
790,199,1.275,0.61577,1.7367
791,199,1.275,0.61577,1.7367
792,199,0.855,0.44658,1.5142
793,200,0.875,0.43273,2.1096
794,200,0.875,0.43273,2.1096
795,201,0.63,0.18997,1.0205
796,201,0.77,0.36449,1.1971
797,202,1.335,0.60803,1.9152
798,202,1.335,0.60803,1.9152
799,203,0.85,0.45481,3.6823
800,203,1.05,0.5911,4.0925
801,203,1.25,0.72739,4.5027
802,204,1.15,0.5255,3.8156
803,204,1.55,0.8394,4.2863
804,204,0.55,0.22464,3.1877
805,204,0.475,0.18961,2.7223
806,205,2.375,1.4293,3.343
807,205,2.975,1.9355,3.7118
808,206,0.35,0.14854,4.9243
809,206,0.7,0.38167,5.5306
810,206,0.7,0.38167,5.5306
811,206,0.7,0.24449,5.538
812,206,0.7,0.29974,5.5654
813,206,0.7,0.35499,5.5929
814,207,0.65,0.25721,5.1665
815,207,0.65,0.25721,5.1665
816,208,1.32,0.65082,1.9962
817,208,1.35,0.69424,1.987
818,208,1.395,0.72365,2.0342
819,208,1.245,0.62611,1.9853
820,209,0.125,0.040411,1.5307
821,209,0.125,0.042065,1.5633
822,209,0.125,0.045371,1.6285
823,210,0.275,0.083195,2.3546
824,210,0.55,0.19733,3.0908
825,211,1.725,0.97103,3.3096
826,211,1.485,0.75999,3.0017
827,211,1.2821,0.60227,2.8775
828,211,1.075,0.50041,2.9042
829,212,1.125,0.5732,3.234
830,212,1.0125,0.42771,3.1219
831,213,2.15,1.3127,3.2959
832,213,2.4,1.4676,3.3602
833,213,2.6,1.5374,3.5595
834,213,2.575,1.5016,3.5988
835,213,2.975,1.8516,3.8964
836,213,2.9,1.7906,3.6799
837,213,2.925,1.7716,3.7251
838,213,2.1625,1.203,3.1898
839,213,1.975,1.1222,3.2253
840,213,1.425,0.77191,2.9675
841,213,0.825,0.33512,2.5144
842,214,3.225,2.4642,3.8504
843,214,2.975,2.1061,3.939
844,214,2.425,1.4311,3.5246
845,214,1.7,0.89069,3.1177
846,214,1.05,0.4779,2.6812
847,215,1.325,0.69687,2.3995
848,215,1.575,0.91172,2.7201
849,215,1.3083,0.73995,2.451
850,215,1.25,0.66451,2.3893
851,215,1.325,0.67494,2.4621
852,216,0.1525,0.050304,0.24255
853,216,0.1575,0.058705,0.25207
854,217,0.25,0.090596,3.9807
855,217,1.1,0.5049,6.4079
856,217,0.75,0.37564,5.2532
857,217,0.45,0.19782,5.5002
858,217,0.3,0.10891,5.6237
859,218,0.35,0.10992,4.8431
860,218,1.0833,0.61134,5.2651
861,218,0.81667,0.36836,5.1519
862,218,0.35,0.12138,2.9054
863,218,0.4,0.13476,3.0536
864,218,0.45,0.14814,3.2018
865,218,0.45,0.20019,4.0786
866,218,0.45,0.17524,3.8002
867,218,0.45,0.15028,3.5217
868,219,0.25,0.072178,2.7722
869,219,0.3125,0.13288,2.6576
870,219,0.375,0.19358,2.5429
871,219,0.55,0.31452,2.9254
872,220,0.39,0.12815,0.74831
873,220,0.47,0.16606,0.79254
874,221,0.375,0.12036,2.1887
875,221,0.375,0.12036,2.1887
876,222,1.125,0.48005,2.4661
877,222,1.125,0.48005,2.4661
878,223,0.825,0.40011,2.3103
879,223,0.825,0.40011,2.3103
880,224,0.4125,0.1702,2.7292
881,224,0.36667,0.14618,2.6127
882,224,0.325,0.11367,2.5412
883,225,2.925,2.0592,5.4649
884,225,3.25,2.4388,5.8008
885,225,1.3167,0.75342,3.9307
886,225,0.65,0.22937,3.0888
887,226,0.275,0.10471,2.6003
888,226,0.575,0.22564,2.7616
889,226,0.875,0.37545,2.9165
890,226,0.825,0.35782,2.8643
891,226,0.425,0.14385,2.6116
892,227,0.35,0.14867,3.0701
893,227,0.95,0.46513,4.0115
894,227,1.25,0.62336,4.4822
895,228,0.325,0.1014,1.796
896,228,0.325,0.093014,1.7665
897,229,0.47,0.16059,0.7916
898,229,0.48333,0.17545,0.79304
899,229,0.53,0.2471,0.83584
900,230,0.565,0.3147,0.86092
901,230,0.33,0.088855,0.68429
902,230,0.4,0.12827,0.74626
903,231,0.494,0.175,0.79251
904,231,0.45,0.16887,0.78338
905,231,0.47,0.17606,0.79345
906,232,1.45,0.73314,4.9617
907,232,1.15,0.5967,4.3157
908,232,1.6833,0.96693,4.7002
909,232,2.025,1.2354,4.9208
910,232,1.65,1.0367,4.7127
911,233,0.39,0.11529,0.741
912,233,0.39,0.14029,0.76677
913,233,0.39,0.11938,0.73466
914,234,1.095,0.47276,1.8517
915,234,2.475,1.548,2.8171
916,234,2.475,1.548,2.8171
917,234,2.225,1.2054,2.7532
918,235,0.525,0.22165,2.5453
919,235,0.625,0.24876,2.6476
920,236,1.925,1.2271,3.8026
921,236,1.8,1.0231,3.5431
922,236,1.95,1.0494,3.6557
923,236,2.2125,1.1815,3.9191
924,237,2.5583,1.5889,4.4853
925,237,2.255,1.3495,4.3171
926,237,1.725,0.91301,3.8766
927,237,0.875,0.3373,3.0729
928,238,2.475,1.5549,4.2129
929,238,3.4,2.2986,4.5743
930,238,3.525,2.4066,4.7351
931,238,3.8083,2.5974,5.0158
932,238,4.065,2.9689,5.4486
933,238,3.625,2.4639,5.0752
934,239,0.75,0.5,1.15
935,239,0.75,0.5,1.15
936,239,0.75,0.5,1.15
937,239,0.75,0.5,1.15
938,240,2.5,1.5,3.5
939,240,2.5,1.5,3.5
940,240,2.5,1.5,3.5
941,240,2.5,1.5,3.5
942,240,2.5,1.5,3.5
943,240,2.5,1.5,3.5
944,240,2.5,1.5,3.5
945,240,2.5,1.5,3.5
946,240,2.5,1.5,3.5
947,241,0.55,0.18342,3.7018
948,241,0.55,0.16714,3.6982
949,241,0.55,0.15085,3.6946
950,242,0.25,0.07288,3.4245
951,242,0.25,0.095498,4.5748
952,243,0.35,0.15517,2.9559
953,243,0.25,0.084883,2.7574
954,243,0.25,0.087426,3.0701
955,243,0.21875,0.065971,2.7359
956,243,0.125,0.053553,2.3055
957,244,0.45,0.18027,4.5026
958,244,0.45,0.1644,4.4611
959,244,0.45,0.15381,4.4335
960,245,0.25,0.10199,3.0213
961,245,0.25,0.083956,2.9277
962,245,0.25,0.071933,2.8653
963,246,1.3,0.63925,3.8567
964,246,1.45,0.80149,3.9409
965,246,1.55,0.79849,4.3699
966,247,1.665,1.3321,2.8544
967,247,1.665,1.3321,2.8544
968,247,2.725,2.0895,3.8861
969,247,2.725,2.0895,3.8861
970,248,0.1575,0.058309,0.30921
971,248,0.1575,0.058309,0.30921
972,249,0.45,0.13763,0.92427
973,249,0.45,0.13763,0.92427
974,250,1.095,0.40141,1.5237
975,250,0.465,0.17823,1.0783
976,251,0.3,0.1,0.5
977,251,0.3,0.1,0.5
978,252,1,0.5,1.5
979,252,1,0.5,1.5
980,252,1,0.5,1.5
981,253,0.3,0.1,0.5
982,253,0.3,0.1,0.5
983,253,0.3,0.1,0.5
984,254,0.5,0.1,0.8
985,254,0.5,0.1,0.8
986,254,0.5,0.1,0.8
987,255,0.28,0.05,0.5
988,255,0.28,0.05,0.5
989,256,0.735,0.30617,1.4083
990,256,0.405,0.16004,1.2813
991,256,0.315,0.14491,1.2425
992,257,1.4,0.67402,4.6521
993,257,1.15,0.58136,4.3887
994,257,1.2833,0.67993,4.7931
995,257,1.3,0.62225,4.8315
996,258,0.7625,0.4086,2.7254
997,258,0.725,0.39601,2.5094
998,258,0.575,0.30952,2.1765
999,259,0.15,0.069485,2.6315
1000,259,0.15,0.069485,2.6315
1001,259,0.35,0.12057,3.634
1002,259,0.45,0.1816,4.2875
1003,259,0.475,0.17933,4.5759
1004,259,0.5,0.17706,4.8642
1005,259,0.425,0.15931,4.2788
1006,259,0.35,0.14157,3.6934
1007,260,0.525,0.20468,2.5359
1008,260,0.675,0.34308,2.4258
1009,260,0.675,0.34308,2.4258
1010,261,4.375,3.3056,6.0419
1011,261,4.875,3.8978,6.6444
1012,261,6.5917,5.306,8.3846
1013,262,0.685,0.24247,2.5881
1014,262,0.325,0.11418,2.0519
1015,262,0.875,0.47247,2.9787
1016,263,0.47,0.15681,0.89252
1017,263,0.47,0.14521,0.87119
1018,263,0.41,0.12764,0.8591
1019,263,0.51,0.15674,0.89821
1020,264,0.485,0.18719,0.78904
1021,264,0.46,0.17035,0.78436
1022,264,0.43,0.17147,0.78852
1023,265,0.73,0.29012,0.90625
1024,265,0.66,0.27951,0.88211
1025,265,0.64333,0.26056,0.90648
1026,266,0.515,0.20792,0.82578
1027,266,0.55,0.20796,0.81802
1028,266,0.53,0.21299,0.83177
1029,267,0.63,0.25206,0.88431
1030,267,0.62,0.24971,0.88567
1031,267,0.59,0.22578,0.8643
1032,267,0.57,0.24876,0.86778
1033,268,0.4,0.2,0.6
1034,268,0.4,0.2,0.6
1035,268,0.4,0.2,0.6
1036,268,0.4,0.2,0.6
1037,269,2.55,1.4807,5.1752
1038,269,2.65,1.5537,5.1747
1039,269,2.75,1.6791,5.4462
1040,269,3.35,2.2958,5.9277
1041,269,2.65,1.7107,5.4858
1042,269,2.35,1.3776,5.3248
1043,270,6.05,3.0795,7.3131
1044,270,5.75,2.7238,6.9451
1045,270,5.6167,2.6962,6.8413
1046,270,5.75,3.4598,6.9774
1047,270,6,3.7691,7.2411
1048,270,6,3.5633,7.1684
1049,270,5.8833,3.3661,7.1494
1050,270,5.65,3.2731,6.8146
1051,270,4.95,2.8643,6.4815
1052,271,2.475,1.4967,3.8322
1053,271,2.475,1.4967,3.8322
1054,271,2.325,1.495,3.7205
1055,271,2.325,1.495,3.7205
1056,272,1.675,0.96663,2.9105
1057,272,1.675,0.96663,2.9105
1058,272,0.875,0.45908,2.1315
1059,272,0.875,0.45908,2.1315
1060,273,3.1,2.07,5.9911
1061,273,3.05,2.0083,5.5713
1062,273,2.7167,1.6981,5.3037
1063,274,0.475,0.21402,0.65018
1064,274,0.455,0.20153,0.6442
1065,274,0.425,0.14375,0.61533
1066,274,0.425,0.15467,0.61592
1067,274,0.425,0.16559,0.6165
1068,274,0.445,0.18804,0.62148
1069,274,0.415,0.17092,0.60668
1070,274,0.295,0.10883,0.54948
1071,274,0.335,0.1104,0.55171
1072,274,0.375,0.11196,0.55394
1073,275,0.485,0.1751,0.64773
1074,275,0.435,0.17553,0.64018
1075,275,0.435,0.17661,0.63352
1076,275,0.445,0.17336,0.62099
1077,275,0.43,0.16741,0.61319
1078,276,1.59,0.82367,2.1353
1079,276,1.53,0.83828,2.0572
1080,276,1.515,0.81092,2.0629
1081,276,1.545,0.782,2.0738
1082,277,0.98333,0.45832,3.7188
1083,277,0.78333,0.3565,3.4991
1084,278,0.875,0.31348,2.6524
1085,278,0.8,0.29541,2.6126
1086,278,0.725,0.27739,2.4268
1087,279,2.025,1.0323,3.6176
1088,279,1.425,0.67223,3.114
1089,280,0.2025,0.078873,0.33695
1090,280,0.2475,0.094619,0.34821
1091,281,2,1,3
1092,281,2,1,3
1093,281,2,1,3
1094,281,2,1,3
1095,281,2,1,3
1096,281,2,1,3
1097,281,2,1,3
1098,281,2,1,3
1099,281,2,1,3
1100,282,1.5,1,2
1101,282,1.5,1,2
1102,282,1.5,1,2
1103,282,1.5,1,2
1104,282,1.5,1,2
1105,283,1.225,0.61165,2.7037
1106,283,1,0.44603,2.6155
1107,283,0.775,0.2804,2.5272
1108,283,0.975,0.37179,2.6752
1109,284,1,0.5,1.5
1110,284,1,0.5,1.5
1111,284,1,0.5,1.5
1112,284,1,0.5,1.5
1113,285,0.84,0.322,1.4026
1114,285,0.735,0.22144,1.3318
1115,285,0.825,0.33487,1.4041
1116,286,0.375,0.17013,2.0408
1117,286,0.325,0.11689,1.9468
1118,287,3.6,2.5635,6.0887
1119,287,5.025,3.904,7.6412
1120,288,0.625,0.34158,2.5223
1121,288,0.625,0.34158,2.5223
1122,289,0.5,0.19767,2.5618
1123,289,0.45,0.18081,2.4136
1124,290,0.43,0.16319,0.77685
1125,290,0.43,0.15034,0.7628
1126,290,0.43,0.17042,0.79528
1127,291,0.44,0.15562,0.75796
1128,291,0.47,0.17763,0.78388
1129,291,0.45,0.16636,0.7764
1130,292,1.075,0.49178,2.9708
1131,292,0.975,0.37573,2.7004
1132,292,0.625,0.28446,2.2564
1133,293,0.775,0.2978,2.4289
1134,293,0.925,0.42867,2.7064
1135,293,1.175,0.43736,2.7577
1136,294,1.75,1.3263,4.8394
1137,294,2.35,1.6973,5.5572
1138,294,2.9,2.1707,6.1505
1139,294,2.85,2.2732,6.0261
1140,294,3.15,2.3873,7.7346
1141,295,1.1,0.50505,3.077
1142,295,0.525,0.1815,2.2884
1143,296,1.8583,1.0128,3.0954
1144,296,1.5917,0.76796,2.7545
1145,296,1.5,0.78521,2.7729
1146,297,2.25,1.7,2.8
1147,297,2.25,1.7,2.8
1148,298,1.95,1.45,2.45
1149,298,1.95,1.45,2.45
1150,298,1.95,1.45,2.45
1151,299,0.39,0.13831,0.76987
1152,299,0.41,0.14152,0.74841
1153,300,0.825,0.32842,1.5236
1154,300,0.825,0.32842,1.5236
1155,301,0.225,0.090358,1.9505
1156,301,0.375,0.19531,2.0234
1157,301,0.35833,0.16352,1.9369
1158,302,0.45,0.15583,3.1085
1159,302,0.45,0.15583,3.1085
1160,303,0.405,0.12539,1.2833
1161,303,0.54,0.18799,1.365
1162,303,0.675,0.25059,1.4466
1163,304,0.345,0.13132,1.2658
1164,304,0.505,0.19703,1.419
1165,304,0.585,0.22988,1.4957
1166,305,0.26,0.02,0.5
1167,305,0.26,0.02,0.5
1168,305,0.26,0.02,0.5
1169,305,0.26,0.02,0.5
1170,305,0.26,0.02,0.5
1171,305,0.26,0.02,0.5
1172,306,0.215,0.08,0.35
1173,306,0.215,0.08,0.35
1174,306,0.215,0.08,0.35
1175,306,0.215,0.08,0.35
1176,306,0.215,0.08,0.35
1177,307,0.215,0.08,0.35
1178,307,0.215,0.08,0.35
1179,307,0.215,0.08,0.35
1180,307,0.215,0.08,0.35
1181,307,0.215,0.08,0.35
1182,307,0.215,0.08,0.35
1183,307,0.215,0.08,0.35
1184,308,0.8375,0.43538,3.0331
1185,308,3.6875,2.6479,5.6099
1186,308,3.725,2.7473,5.5043
1187,308,4,3.1693,5.7287
1188,308,3.6083,2.587,4.9824
1189,309,0.36333,0.11327,0.94527
1190,309,0.51,0.10089,0.97275
1191,309,0.43,0.11544,0.96028
1192,309,0.23,0.084837,0.91901
1193,310,0.75,0.31155,3.8223
1194,310,0.75,0.29797,3.9616
1195,311,0.5075,0.21135,0.79841
1196,311,0.56,0.22873,0.82683
1197,312,0.41,0.15983,0.73898
1198,312,0.47,0.18204,0.78561
1199,313,0.365,0.10326,0.61839
1200,313,0.365,0.10326,0.61839
1201,314,3.9917,2.9525,5.3642
1202,314,3.725,2.7533,5.2716
1203,314,3.5917,2.625,5.2553
1204,314,3.025,2.0481,4.41
1205,314,3.125,2.2545,4.5849
1206,314,2.675,1.91,4.5329
1207,314,2.875,1.908,4.5572
1208,315,3.35,2.24,7.0098
1209,315,3.35,2.24,7.0098
1210,316,4.35,3.0186,8.4732
1211,316,4.35,3.0186,8.4732
1212,317,2.7,2.05,3.4
1213,317,2.7,2.05,3.4
1214,317,2.7,2.05,3.4
1215,317,2.7,2.05,3.4
1216,318,2.1,1.55,2.6
1217,318,2.1,1.55,2.6
1218,318,2.1,1.55,2.6
1219,319,2,1.55,2.55
1220,319,2,1.55,2.55
1221,319,2,1.55,2.55
1222,320,6.5,4.3755,13.718
1223,320,6.5,4.3755,13.718
1224,321,0.385,0.12788,0.56851
1225,321,0.385,0.12788,0.56851
1226,322,0.265,0.086529,0.40187
1227,322,0.255,0.088834,0.40722
1228,323,0.15,0.048672,2.6013
1229,323,0.125,0.050009,1.8921
1230,323,0.125,0.050009,1.8921
1231,323,0.35,0.16365,2.8994
1232,323,0.75,0.45571,3.8356
1233,324,0.1575,0.048795,0.24344
1234,324,0.145,0.051257,0.24623
1235,324,0.1525,0.053447,0.24783
1236,324,0.14583,0.055151,0.24649
1237,325,1.175,0.48546,2.1038
1238,325,1.175,0.49609,2.0858
1239,325,1.3083,0.66212,2.1944
1240,325,1.1875,0.52752,2.0486
1241,326,0.45,0.15686,3.949
1242,326,0.75,0.34266,5.1297
1243,326,0.9,0.43557,5.7201
1244,326,0.63333,0.26514,5.5019
1245,326,0.5,0.17993,5.3928
1246,327,0.75,0.30489,4.2316
1247,327,0.475,0.15808,3.5891
1248,327,0.45,0.1429,3.2745
1249,327,0.95,0.42287,3.8436
1250,327,0.45,0.14601,3.312
1251,328,0.735,0.27758,1.2568
1252,328,0.525,0.14299,1.0996
1253,329,0.615,0.16725,1.2679
1254,329,0.435,0.16315,1.2424
1255,330,1.175,0.45055,2.972
1256,330,1.175,0.45055,2.972
1257,331,2.15,1.3587,3.1644
1258,331,2.675,1.8304,3.6341
1259,331,1.775,1.0549,3.071
1260,331,1.85,1.0289,3.0266
1261,332,1.5,0.5,2.5
1262,332,1.5,0.5,2.5
1263,332,1.5,0.5,2.5
1264,332,1.5,0.5,2.5
1265,332,1.5,0.5,2.5
1266,332,0.7,0.14609,6.1036
1267,332,1.5,0.5,2.5
1268,332,1.5,0.5,2.5
1269,332,1.5,0.5,2.5
1270,332,1.5,0.5,2.5
1271,332,1.5,0.5,2.5
1272,332,1.5,0.5,2.5
1273,332,1.5,0.5,2.5
1274,332,1.5,0.5,2.5
1275,332,1.5,0.5,2.5
1276,332,1.5,0.5,2.5
1277,333,1.575,0.9736,2.7958
1278,333,1.575,0.9736,2.7958
1279,333,0.975,0.64421,2.2987
1280,334,0.525,0.18344,2.5393
1281,334,0.575,0.22703,2.641
1282,334,0.675,0.31543,2.799
1283,334,0.775,0.40384,2.957
1284,334,0.75,0.25497,3.0777
1285,335,2.625,1.9134,4.6656
1286,335,3.3583,2.4537,5.2301
1287,335,3.025,2.1555,5.077
1288,336,1.25,0.79411,4.4659
1289,336,1.5833,1.074,4.6675
1290,336,1.95,1.4086,5.1048
1291,337,1,0.45663,4.2482
1292,337,0.88333,0.41828,3.7344
1293,337,0.9,0.45434,3.2856
1294,337,0.65,0.22286,2.6238
1295,338,0.175,0.064549,2.0957
1296,338,0.3,0.10012,2.4904
1297,338,0.51667,0.23707,3.1037
1298,338,0.75,0.31736,3.3572
1299,339,2.975,1.9017,4.3195
1300,339,3.125,2.0792,4.8863
1301,340,4.175,3.0375,5.5985
1302,340,4.225,3.077,5.5605
1303,340,4.275,3.1164,5.5225
1304,341,1.15,0.45389,3.8424
1305,341,0.66667,0.23405,2.9147
1306,341,0.425,0.12413,2.4508
1307,342,0.645,0.15232,1.325
1308,342,0.645,0.15232,1.325
1309,343,3.7,2.8,4.65
1310,343,3.7,2.8,4.65
1311,344,3,2.25,3.75
1312,344,3,2.25,3.75
1313,345,2,1.5,2.5
1314,345,2,1.5,2.5
1315,346,2.25,1.7,2.8
1316,346,2.25,1.7,2.8
1317,347,2,1.5,2.5
1318,347,2,1.5,2.5
1319,348,0.885,0.30709,1.699
1320,348,1.185,0.50786,1.7705
1321,348,1.3375,0.7585,1.8168
1322,348,1.49,1.0091,1.8631
1323,349,1.425,0.89334,3.2384
1324,349,1.3917,0.82009,3.1813
1325,349,1.325,0.6736,3.0669
1326,350,0.55,0.18973,0.81288
1327,350,0.53,0.19822,0.82081
1328,351,0.825,0.54285,1.9269
1329,351,0.825,0.54285,1.9269
1330,351,2.115,1.5973,3.0511
1331,351,2.115,1.5973,3.0511
1332,351,1.7883,1.2105,2.826
1333,351,1.625,1.0171,2.7135
1334,352,1.5,0.5,2.5
1335,352,1.5,0.5,2.5
1336,352,1.5,0.5,2.5
1337,352,1.5,0.5,2.5
1338,352,1.5,0.5,2.5
1339,352,1.5,0.5,2.5
1340,352,1.5,0.5,2.5
1341,352,1.5,0.5,2.5
1342,352,1.5,0.5,2.5
1343,352,1.5,0.5,2.5
1344,352,1.5,0.5,2.5
1345,352,1.5,0.5,2.5
1346,352,1.5,0.5,2.5
1347,352,1.5,0.5,2.5
1348,353,0.125,0.034629,1.9048
1349,353,0.25,0.081629,2.7364
1350,353,0.25,0.081598,2.6992
1351,353,0.25,0.081566,2.662
1352,354,0.7,0.28921,6.2651
1353,354,0.7,0.28921,6.2651
1354,355,0.95,0.47667,3.9845
1355,355,1.35,0.83518,4.127
1356,355,1.35,0.83518,4.127
1357,355,1.575,0.99433,3.5599
1358,355,1.725,1.1455,3.5942
1359,355,1.85,1.1533,3.5406
1360,355,1.825,1.0098,3.4527
1361,356,1.45,0.87118,3.8778
1362,356,1.475,0.93225,3.6308
1363,357,1.45,0.68263,5.3537
1364,357,1.05,0.43619,4.8742
1365,357,1.05,0.43227,4.8318
1366,357,1.15,0.51705,5.1414
1367,357,0.8,0.3177,4.8445
1368,357,0.86667,0.35493,4.998
1369,357,0.875,0.37828,5.545
1370,358,1.375,0.70032,3.2461
1371,358,1.375,0.67855,3.3735
1372,359,0.25,0.078715,3.889
1373,359,0.25,0.078715,3.889
1374,360,0.4,0.1,0.4
1375,360,0.4,0.1,0.4
1376,360,0.4,0.1,0.4
1377,360,0.4,0.1,0.4
1378,361,2.45,1.4243,4.8513
1379,361,2.35,1.3852,4.6602
1380,361,2.1,1.225,4.5642
1381,361,1.05,0.47209,3.4981
1382,361,1.05,0.47209,3.4981
1383,361,1.05,0.46271,3.3283
1384,362,0.35,0.10614,3.1978
1385,362,0.4,0.13386,3.2465
1386,362,0.45,0.16158,3.2951
1387,362,0.35,0.13873,3.1804
1388,362,0.35,0.13873,3.1804
1389,363,0.675,0.20823,1.4947
1390,363,0.6,0.18719,1.44
1391,363,0.525,0.16615,1.3854
1392,364,1.075,0.43611,2.7939
1393,364,0.875,0.40636,2.7942
1394,364,0.725,0.29663,2.602
1395,365,0.375,0.10436,2.4232
1396,365,0.3,0.096087,2.2278
1397,365,0.275,0.08658,2.1482
1398,366,0.9,0.37261,3.2456
1399,366,0.5,0.22667,1.8407
1400,366,0.25,0.125,0.5
1401,366,0.25,0.125,0.5
1402,367,0.47,0.16942,0.88861
1403,367,0.485,0.17611,1.123
1404,367,0.49,0.17834,1.2012
1405,368,0.45,0.16115,2.9257
1406,368,0.4125,0.15461,2.8349
1407,368,0.375,0.14807,2.7441
1408,369,0.525,0.20562,2.5075
1409,369,0.375,0.15143,2.3186
1410,370,2.075,1.4553,3.901
1411,370,2.075,1.4553,3.901
1412,370,2.275,1.5613,3.853
1413,370,2.275,1.5613,3.853
1414,370,1.875,1.2559,3.5292
1415,370,1.475,0.95047,3.2054
1416,371,1.15,0.97538,3.5462
1417,371,1.45,1.2496,3.7417
1418,371,1.85,1.519,4.3292
1419,371,2.75,2.2532,5.5129
1420,371,4.6375,3.8445,7.0112
1421,371,6.475,5.2843,8.2491
1422,372,1.275,0.76917,3.5269
1423,372,0.975,0.54598,2.9194
1424,372,0.725,0.37718,3.0652
1425,372,0.725,0.37718,3.0652
1426,373,0.25,0.085456,3.5337
1427,373,0.25,0.085456,3.5337
1428,374,0.445,0.081331,0.5
1429,374,0.445,0.081331,0.5
1430,375,2.025,1.2591,3.8836
1431,375,2.025,1.2591,3.8836
1432,376,1.325,0.69484,2.8478
1433,376,1.325,0.69484,2.8478
1434,377,1.025,0.48281,2.294
1435,377,1.525,0.78369,2.7652
1436,377,1.525,0.78369,2.7652
1437,378,0.825,0.64367,2.1386
1438,378,0.825,0.64367,2.1386
1439,378,0.575,0.24119,2.0975
1440,379,0.555,0.34823,1.7536
1441,379,0.555,0.34823,1.7536
1442,379,0.555,0.34823,1.7536
1443,380,0.41,0.1086,0.73101
1444,380,0.41,0.12798,0.7529
1445,381,1.065,0.46112,1.9469
1446,381,1.305,0.61748,2.1148
1447,381,1.115,0.56017,2.068
1448,381,1.16,0.56107,2.0774
1449,382,0.735,0.27379,1.2562
1450,382,0.735,0.27379,1.2562
1451,383,0.425,0.19246,2.1959
1452,383,0.5,0.25775,2.302
1453,383,0.575,0.32304,2.4081
1454,383,0.775,0.35583,2.4286
1455,383,0.775,0.35583,2.4286
1456,384,0.495,0.15447,1.082
1457,384,0.5175,0.15385,1.101
1458,385,0.35,0.13829,2.961
1459,385,0.35,0.15319,3.0266
1460,385,0.4,0.16079,3.2839
1461,385,0.45,0.16095,3.5085
1462,386,1.25,0.81867,5.6766
1463,386,1.25,0.81867,5.6766
1464,387,0.75,0.35365,5.4308
1465,387,0.75,0.35365,5.4308
1466,388,0.95,0.3738,4.2043
1467,388,0.975,0.36416,3.9705
1468,389,0.43,0.11289,0.87908
1469,389,0.44,0.14673,0.88098
1470,389,0.41,0.1583,0.88786
1471,390,0.55,0.23949,3.5437
1472,390,0.55,0.23949,3.5437
1473,391,0.75,0.33522,3.3713
1474,391,0.75,0.33522,3.3713
1475,392,0.925,0.47102,2.9703
1476,392,0.725,0.27807,2.5184
1477,393,1.575,0.67599,3.1081
1478,393,1.575,0.67599,3.1081
1479,394,0.2175,0.081869,0.33654
1480,394,0.2275,0.088497,0.34221
1481,395,0.95,0.33648,3.251
1482,395,0.95,0.33648,3.251
1483,396,0.1975,0.065958,0.32281
1484,396,0.1975,0.065958,0.32281
1485,397,1.925,0.89145,3.6503
1486,397,1.925,0.89145,3.6503
1487,398,0.525,0.23081,2.6382
1488,398,0.45,0.17194,2.4851
1489,398,0.4,0.14604,2.5126
1490,399,1.185,0.69255,2.1325
1491,399,0.435,0.14894,1.5789
1492,400,0.765,0.27258,1.4513
1493,400,0.765,0.27258,1.4513
1494,401,1.095,0.45165,1.9746
1495,401,1.38,0.70675,2.2067
1496,401,1.56,0.80455,2.3621
1497,402,0.65,0.29456,4.5557
1498,402,0.65,0.28702,4.5327
1499,402,0.65,0.27097,4.3994
1500,402,0.65,0.26247,4.2891
1501,403,1.45,0.40759,4.7972
1502,403,0.45,0.16227,3.696
1503,404,0.54,0.21173,0.82323
1504,404,0.522,0.20616,0.81633
1505,404,0.45667,0.17217,0.7849
1506,405,0.43,0.13529,0.75926
1507,405,0.398,0.13477,0.7619
1508,405,0.43,0.12578,0.7324
1509,406,3.1,1.9809,6.4686
1510,406,3.6,2.3728,6.8796
1511,406,3.85,2.538,7.0696
1512,406,4.25,3.1929,7.4023
1513,407,3.6,2.5647,5.2536
1514,407,4.2167,3.0852,5.8426
1515,407,4.9417,3.6005,6.9083
1516,407,5.5625,4.3425,7.7057
1517,407,5.8125,4.6415,7.7774
1518,408,2.15,1.0826,5.0563
1519,408,2,1.1822,4.9856
1520,408,1.9833,1.193,5.0137
1521,408,1.75,0.9586,4.7871
1522,408,1.45,0.77089,4.4573
1523,409,0.475,0.16335,1.8461
1524,409,0.4,0.14817,1.9204
1525,409,0.375,0.15325,2.0631
1526,410,3,1,5
1527,410,3,1,5
1528,410,3,1,5
1529,410,3,1,5
1530,411,3,1,5
1531,411,3,1,5
1532,411,3,1,5
1533,411,3,1,5
1534,412,1.695,0.86302,2.391
1535,412,1.8525,1.0365,2.5167
1536,412,1.941,1.0512,2.507
1537,412,1.83,0.94044,2.4145
1538,412,1.875,0.9326,2.4269
1539,413,0.045,0.017475,0.082395
1540,413,0.057,0.019012,0.083372
1541,413,0.057,0.021167,0.084878
1542,413,0.057,0.022245,0.085631
1543,414,1.225,0.66745,3.4783
1544,414,1.15,0.6003,3.2969
1545,414,1.075,0.53314,3.1154
1546,414,0.85,0.36619,3.2321
1547,415,2.15,1.4727,4.7493
1548,415,2.2167,1.5166,4.9316
1549,415,2.25,1.5385,5.0228
1550,416,0.105,0.036591,1.3336
1551,416,0.275,0.10242,2.0987
1552,417,4.95,3.5367,7.0627
1553,417,3.15,2.2418,5.6203
1554,418,0.38,0.13176,0.76049
1555,418,0.44333,0.14293,0.76923
1556,418,0.48333,0.16512,0.78476
1557,419,11,0,22
1558,419,11,0,22
1559,419,11,0,22
1560,419,11,0,22
1561,419,11,0,22
1562,419,11,0,22
1563,419,11,0,22
1564,419,11,0,22
1565,419,11,0,22
1566,419,11,0,22
1567,419,11,0,22
1568,419,11,0,22
1569,419,11,0,22
1570,419,11,0,22
1571,419,11,0,22
1572,420,0.1,0.05,0.15
1573,420,0.1,0.05,0.15
1574,420,0.1,0.05,0.15
1575,420,0.1,0.05,0.15
1576,421,0.5,0.1,0.9
1577,421,0.5,0.1,0.9
1578,422,3,1,5
1579,422,3,1,5
1580,423,3,1.5,4.5
1581,423,3,1.5,4.5
1582,424,3,1.5,4.5
1583,424,3,1.5,4.5
1584,424,3,1.5,4.5
1585,425,1.65,0.97775,4.9743
1586,425,1.9167,1.1779,5.236
1587,425,1.6833,1.0693,4.8085
1588,425,1.35,0.8881,4.1629
1589,426,0.725,0.30811,2.2197
1590,426,0.525,0.19618,1.7825
1591,427,0.55,0.19495,2.0846
1592,427,0.64167,0.23218,2.035
1593,428,0.063,0.020207,0.1
1594,428,0.063,0.020207,0.1
1595,429,2.5583,1.5515,4.3557
1596,429,2.3083,1.4858,4.3275
1597,429,2.9375,2.023,5.0368
1598,429,3.625,2.5801,5.6256
1599,430,0.225,0.082403,1.8065
1600,430,0.225,0.082403,1.8065
1601,430,0.225,0.082403,1.8065
1602,431,0.335,0.12088,0.56153
1603,431,0.335,0.12159,0.56068
1604,431,0.29,0.086312,0.52992
1605,431,0.275,0.078468,0.51769
1606,431,0.355,0.11238,0.56027
1607,432,0.43,0.11947,0.88675
1608,432,0.37286,0.11739,0.8675
1609,432,0.35,0.11656,0.8598
1610,433,0.22125,0.08315,0.33907
1611,433,0.2125,0.084517,0.33779
1612,433,0.21417,0.087506,0.34023
1613,433,0.2435,0.08835,0.34255
1614,433,0.2385,0.089985,0.34279
1615,433,0.21,0.082764,0.33761
1616,433,0.20917,0.075964,0.33352
1617,433,0.22,0.085226,0.33867
1618,434,0.049,0.01798,0.082146
1619,434,0.049667,0.01775,0.082005
1620,434,0.051,0.017276,0.081813
1621,434,0.051,0.01724,0.082083
1622,434,0.049,0.015259,0.082259
1623,434,0.055,0.01867,0.081464
1624,435,0.225,0.087608,2.3184
1625,435,0.225,0.087608,2.3184
1626,436,2,1.5,2.5
1627,436,2,1.5,2.5
1628,436,2,1.5,2.5
1629,437,1.95,1.45,2.45
1630,437,1.95,1.45,2.45
1631,437,1.95,1.45,2.45
1632,438,0.2,0.1,0.3
1633,438,0.2,0.1,0.3
1634,438,0.2,0.1,0.3
1635,438,0.2,0.1,0.3
1636,438,0.2,0.1,0.3
1637,439,1.0625,0.47487,3.512
1638,439,1.2625,0.61026,3.7331
1639,439,1.7,0.88247,4.5066
1640,439,2.3,1.4858,5.101
1641,439,2.45,1.5568,5.1857
1642,439,2.2,1.3049,5.071
1643,439,2.65,1.7182,5.4915
1644,440,2.7,2.05,3.4
1645,440,2.7,2.05,3.4
1646,441,2.75,2.05,3.4
1647,441,2.75,2.05,3.4
1648,442,2,1.5,2.5
1649,442,2,1.5,2.5
1650,443,0.59167,0.24556,2.0165
1651,443,0.55,0.21133,2.0012
1652,443,0.475,0.17592,1.9353
1653,444,0.25,0.080145,4.1887
1654,444,0.26667,0.093096,4.455
1655,444,0.3,0.119,4.9876
1656,445,0.525,0.16064,1.9412
1657,445,0.525,0.16064,1.9412
1658,445,0.275,0.11419,1.8695
1659,446,2.45,1.5825,6.1105
1660,446,1.85,1.0763,5.1047
1661,447,0.95,0.50233,5.4521
1662,447,0.95,0.50233,5.4521
1663,447,1.25,0.61793,5.7005
1664,447,2.3,1.4839,7.1838
1665,447,2.3,1.4839,7.1838
1666,448,0.1675,0.063803,0.25459
1667,448,0.1625,0.055495,0.25217
1668,449,1.45,0.87951,3.7816
1669,449,1.45,0.87951,3.7816
1670,450,1.1,0.49182,3.7116
1671,450,1.2,0.58399,3.6376
1672,450,1.15,0.63521,3.7744
1673,450,0.9625,0.56094,3.5285
1674,450,0.9625,0.53511,3.2643
1675,450,1.6,1.0249,4.0772
1676,451,0.1625,0.053618,0.24832
1677,451,0.1525,0.055235,0.24819
1678,452,0.35,0.11348,2.9629
1679,452,0.41667,0.15697,3.2828
1680,452,0.45,0.18186,2.959
1681,453,0.55,0.27295,3.6467
1682,453,0.55,0.22224,3.5472
1683,453,0.65,0.23286,4.0442
1684,454,0.95,0.46922,4.9679
1685,454,0.75,0.40807,3.8549
1686,455,1.825,0.92046,3.439
1687,455,1.625,0.6954,2.8597
1688,456,0.465,0.14136,1.3441
1689,456,0.735,0.23287,1.4723
1690,457,0.5625,0.17134,1.3784
1691,457,0.495,0.15933,1.3931
1692,458,0.255,0.096666,1.332
1693,458,0.405,0.16444,1.4041
1694,459,2.295,1.4058,2.5409
1695,459,1.71,0.95336,2.1528
1696,459,1.125,0.50095,1.7647
1697,460,1.775,1.2533,3.8312
1698,460,1.575,1.0631,3.5516
1699,460,1.375,0.87291,3.272
1700,460,0.975,0.53752,2.7087
1701,461,3,2,4
1702,461,3,2,4
1703,462,3.3,2.4,4.2
1704,462,3.3,2.4,4.2
1705,463,0.375,0.14161,0.64359
1706,463,0.30167,0.094113,0.59663
1707,463,0.307,0.1008,0.60583
1708,463,0.34167,0.12015,0.62536
1709,464,2.7,2.05,3.4
1710,464,2.7,2.05,3.4
1711,465,2.7,2.05,3.4
1712,465,2.7,2.05,3.4
1713,466,0.4625,0.16654,2.919
1714,466,0.6,0.20473,3.3526
1715,466,0.5,0.16807,3.3484
1716,466,0.45,0.16661,3.2929
1717,466,0.525,0.17064,2.7627
1718,466,0.4875,0.15534,3.0044
1719,466,0.45,0.14996,3.4513
1720,467,0.575,0.25383,2.631
1721,467,0.425,0.19537,2.6416
1722,467,0.625,0.22995,2.7061
1723,468,0.5,0.22727,2.5548
1724,468,0.65,0.283,2.6747
1725,469,0.625,0.21454,2.5268
1726,469,0.625,0.26633,2.6693
1727,469,0.575,0.25023,2.6054
1728,469,0.675,0.2833,2.7238
1729,470,1.175,0.57446,3.097
1730,470,1.135,0.66697,2.9647
1731,470,1.3125,0.77131,3.0283
1732,470,1.6375,1.0061,3.3747
1733,471,1,0.5,1.5
1734,471,1,0.5,1.5
1735,471,0.225,0.079265,4.3343
1736,471,0.5,0.20773,5.9643
1737,471,0.7,0.24222,5.6277
1738,471,1.4,0.77564,6.9637
1739,471,2,1.2153,8.0909
1740,472,4.7,2.4566,10.708
1741,472,4.65,2.3383,11.244
1742,472,4.325,2.4192,8.3721
1743,472,4,2.5,5.5
1744,472,4,2.5,5.5
1745,472,4,2.5,5.5
1746,472,4,2.5,5.5
1747,472,4,2.5,5.5
1748,472,4,2.5,5.5
1749,473,0.5,0.2,0.8
1750,473,0.5,0.2,0.8
1751,473,0.5,0.2,0.8
1752,474,1,0.5,1.5
1753,474,1,0.5,1.5
1754,474,1,0.5,1.5
1755,474,1,0.5,1.5
1756,474,1,0.5,1.5
1757,474,1,0.5,1.5
1758,474,1,0.5,1.5
1759,474,1,0.5,1.5
1760,475,1,0.5,1.5
1761,475,1,0.5,1.5
1762,475,1,0.5,1.5
1763,476,0.975,0.47917,2.733
1764,476,0.825,0.3672,2.6289
1765,476,0.675,0.25523,2.5247
1766,477,2,1,3
1767,477,2,1,3
1768,478,2.5,1.3708,10.227
1769,478,2.5,1.3708,10.227
1770,479,0.3,0.12288,5.2973
1771,479,0.3,0.12288,5.2973
1772,480,1.5,0.81369,8.3905
1773,480,1.5,0.81369,8.3905
1774,481,3.5,2.7175,9.2688
1775,481,1.5,0.94178,6.4441
1776,482,1.35,0.83866,3.8468
1777,482,1.35,0.78717,3.6694
1778,483,2.3,1.75,2.9
1779,483,2.3,1.75,2.9
1780,484,4.1,3.1,5.15
1781,484,4.1,3.1,5.15
1782,485,1.55,0.81144,3.9132
1783,485,1.85,1.1645,4.7362
1784,486,0.57,0.19079,1.3726
1785,486,0.7425,0.26039,1.4105
1786,486,0.945,0.43271,1.5296
1787,486,0.9825,0.40077,1.5353
1788,486,1.005,0.44235,1.561
1789,486,0.925,0.34421,1.4782
1790,486,0.765,0.28055,1.4191
1791,486,0.645,0.21533,1.3498
1792,486,0.675,0.22124,1.4474
1793,487,2.025,1.3038,4.1239
1794,487,1.6583,0.95097,3.8262
1795,487,1.475,0.77453,3.6774
1796,488,3.125,2.1703,5.0183
1797,488,2.55,1.6655,4.615
1798,488,1.975,1.1608,4.2118
1799,489,0.5,0.18955,0.80522
1800,489,0.55,0.21432,0.82275
1801,489,0.6,0.23971,0.85389
1802,489,0.57,0.2199,0.84863
1803,489,0.63,0.29949,0.9073
1804,490,0.48333,0.19658,0.80158
1805,490,0.35,0.11481,0.72374
1806,491,0.645,0.26022,1.4877
1807,491,0.69,0.26591,1.4326
1808,491,0.735,0.2716,1.3776
1809,492,4.4625,3.3573,6.6618
1810,492,4.575,3.4454,6.2879
1811,492,3.675,2.5736,5.2942
1812,492,2.45,1.4086,3.9149
1813,492,1.9083,1.0616,3.4683
1814,492,2.2,1.4018,3.7704
1815,492,2.425,1.5741,3.9196
1816,492,2.375,1.43,4.0437
1817,492,2.25,1.231,4.281
1818,493,0.75,0.29366,3.4712
1819,493,0.95,0.46326,3.8819
1820,493,1.05,0.61277,4.1594
1821,493,1.15,0.69225,4.4491
1822,493,1.35,0.75159,4.8481
1823,494,0.95,0.68075,4.5213
1824,494,0.95,0.68075,4.5213
1825,495,0.55,0.19119,3.73
1826,495,0.85,0.33241,3.6848
1827,496,0.7,0.26484,8.1113
1828,496,0.7,0.28884,7.9376
1829,497,0.35,0.09589,0.72247
1830,497,0.35,0.087229,0.69892
1831,497,0.39,0.097529,0.74857
1832,498,0.625,0.27942,1.8566
1833,498,0.75,0.36047,2.0661
1834,498,0.845,0.44679,2.1131
1835,498,0.8425,0.4932,1.9803
1836,498,0.935,0.56086,2.1012
1837,498,0.785,0.37133,1.9544
1838,499,0.775,0.27361,2.3925
1839,499,1.175,0.60567,2.9171
1840,499,1.05,0.61479,2.8405
1841,499,1.125,0.76093,2.8862
1842,499,1.325,0.89794,3.0084
1843,499,1.275,0.84476,3.1857
1844,499,1.95,1.1855,4.151
1845,499,1.95,1.1855,4.151
1846,500,1.95,1.006,4.2853
1847,500,2.0333,1.1225,4.1045
1848,500,2.5917,1.6411,4.6111
1849,500,3.3625,2.4841,5.3818
1850,500,3.375,2.5628,5.3302
1851,500,4.225,3.159,6.1087
1852,501,1.05,0.51652,3.8546
1853,501,1.3167,0.77484,3.9462
1854,501,1.8,1.1365,4.7174
1855,501,2.05,1.2472,4.9972
1856,501,2.1,1.154,4.9225
1857,501,3,1.9789,5.8783
1858,501,4.1,2.9918,7.0287
1859,502,0.95,0.45784,3.3721
1860,502,0.75833,0.43513,3.2077
1861,502,0.6,0.34615,2.9651
1862,502,0.65,0.4054,3.1401
1863,503,0.705,0.21212,1.4348
1864,503,0.63,0.22216,1.4474
1865,503,0.525,0.18131,1.4012
1866,504,1.175,0.56379,3.2363
1867,504,1.2125,0.58125,3.5752
1868,504,1.25,0.59871,3.9141
1869,505,1.05,0.44098,3.4141
1870,505,0.725,0.26852,2.9526
1871,505,0.675,0.26866,2.9633
1872,505,0.525,0.18324,2.7943
1873,505,0.475,0.15887,2.5598
1874,505,0.475,0.17192,2.4493
1875,506,7.125,5.8597,8.404
1876,506,5.8,4.5371,6.8998
1877,506,5.525,4.4551,6.6417
1878,506,5.025,3.9617,6.0727
1879,506,5.425,4.2957,6.512
1880,507,5.525,4.4449,6.4833
1881,507,5.725,4.8247,6.7867
1882,507,5.925,4.8288,6.9765
1883,507,6.125,4.8638,7.0625
1884,508,6.125,4.7579,7.0724
1885,508,5.8,4.5125,6.7688
1886,508,5.05,3.8779,6.08
1887,508,4.625,3.4887,5.6948
1888,508,3.925,2.9261,5.21
1889,509,5.65,4.5459,7.9559
1890,509,5.3625,4.0773,7.3343
1891,509,5.075,3.6087,6.7128
1892,510,0.45,0.15925,3.3287
1893,510,0.45,0.15925,3.3287
1894,511,1.95,1.1887,4.4705
1895,511,2.65,1.7561,5.0453
1896,511,2.3,1.5471,4.8832
1897,511,1.95,1.338,4.7211
1898,511,2.15,1.4601,4.9404
1899,511,2.15,1.405,4.5578
1900,511,2.15,1.405,4.5578
1901,511,2.75,1.8868,5.186
1902,511,2.95,2.1965,5.3197
1903,511,3.75,2.9417,6.1123
1904,511,3.75,2.9417,6.1123
1905,511,4.35,3.2315,7.2023
1906,512,0.7,0.37502,5.8486
1907,512,0.7,0.25843,5.3617
1908,513,4.25,2.9336,7.4679
1909,513,4.25,2.9336,7.4679
1910,514,0.69,0.2501,0.97931
1911,514,0.39,0.21239,0.83561
1912,514,0.43,0.20701,0.8989
1913,515,0.41,0.14758,0.7785
1914,515,0.35,0.087737,0.67205
1915,516,0.41,0.12199,0.73001
1916,516,0.41,0.12199,0.73001
1917,517,0.37,0.11449,0.75166
1918,517,0.37,0.11421,0.74913
1919,517,0.4,0.1235,0.77452
1920,517,0.38,0.12001,0.76262
1921,518,0.275,0.089609,1.9806
1922,518,0.275,0.089609,1.9806
1923,519,0.225,0.10614,2.1504
1924,519,0.225,0.10614,2.1504
1925,520,0.625,0.21084,2.009
1926,520,0.75833,0.28936,1.9495
1927,520,0.8,0.3233,1.9893
1928,520,1.1083,0.44594,2.1541
1929,521,1,0.38968,3.9633
1930,521,1.1167,0.52186,4.3211
1931,521,1.55,0.82614,5.1613
1932,522,1.375,0.59129,2.2142
1933,522,1.225,0.52296,2.129
1934,522,0.99167,0.39651,2.0179
1935,522,0.825,0.28026,1.9663
1936,522,0.665,0.24105,1.9353
1937,522,0.55833,0.19501,1.8628
1938,523,1.065,0.51273,2.0453
1939,523,1.165,0.55368,2.0461
1940,523,1.125,0.51944,1.9973
1941,523,1.065,0.52141,2.0143
1942,523,1.125,0.49792,1.9743
1943,523,1.2683,0.56006,2.111
1944,524,0.925,0.42539,2.2537
1945,524,0.375,0.14318,1.5862
1946,525,0.4025,0.17129,0.74922
1947,525,0.365,0.16395,0.70543
1948,525,0.3625,0.13396,0.70235
1949,525,0.47,0.18662,0.78409
1950,525,0.53,0.22334,0.82753
1951,525,0.54,0.2196,0.83194
1952,526,0.45,0.1345,1.0149
1953,526,0.49,0.14943,1.013
1954,527,0.49,0.17051,0.77786
1955,527,0.42333,0.14821,0.76242
1956,527,0.5,0.18638,0.80714
1957,528,3.05,1.9949,6.1294
1958,528,3.05,1.9949,6.1294
1959,529,2.625,1.7094,4.3532
1960,529,2.625,1.7094,4.3532
1961,530,2.075,1.5244,3.8471
1962,530,2.075,1.5244,3.8471
1963,531,1.625,1.2316,3.8273
1964,531,1.875,1.427,3.8608
1965,531,1.775,1.3902,3.6496
1966,532,0.585,0.43452,1.8217
1967,532,0.585,0.43452,1.8217
1968,533,5.925,4.509,7.4152
1969,533,5.325,4.0288,6.7754
1970,533,5.1583,3.9092,6.5383
1971,533,4.825,3.3989,5.935
1972,534,0.775,0.33104,2.0416
1973,534,0.775,0.33104,2.0416
1974,535,1.325,0.72077,2.664
1975,535,0.525,0.26422,1.7282
1976,535,0.725,0.36091,1.9611
1977,536,2.5583,1.696,4.1963
1978,536,2.725,1.8842,4.0063
1979,536,2.175,1.3215,3.5579
1980,537,0.47,0.15975,0.76693
1981,537,0.57667,0.22596,0.84624
1982,537,0.55,0.22359,0.83785
1983,538,2,0,10
1984,538,2,0,10
1985,538,2,0,10
1986,538,2,0,10
1987,538,2,0,10
1988,538,2,0,10
1989,538,2,0,10
1990,538,2,0,10
1991,538,2,0,10
1992,538,2,0,10
1993,538,2,0,10
1994,538,2,0,10
1995,539,0.16,0.05414,0.24779
1996,539,0.1675,0.056582,0.24987
1997,539,0.17917,0.062667,0.25775
1998,539,0.1725,0.069179,0.26381
1999,540,2.6,1.95,3.25
2000,540,2.6,1.95,3.25
2001,541,1.35,0.88118,4.517
2002,541,1.05,0.66254,3.8436
2003,541,0.75,0.4439,3.1702
2004,541,0.475,0.15531,2.6802
2005,541,0.4125,0.15464,2.8493
2006,541,0.41667,0.15374,2.9137
2007,541,0.65,0.28681,3.4809
2008,541,0.575,0.23414,2.8175
2009,542,0.85,0.3781,4.4233
2010,542,0.75,0.33107,4.1329
2011,542,0.45,0.21252,3.4456
2012,542,0.3,0.13187,2.7843
2013,542,0.50833,0.29832,2.9671
2014,543,0.325,0.11011,2.1822
2015,543,0.325,0.11011,2.1822
2016,543,0.825,0.61578,2.8063
2017,544,0.825,0.28878,1.8147
2018,544,0.80833,0.31529,1.8373
2019,544,0.75,0.30866,1.7801
2020,544,0.81,0.36805,1.8049
2021,544,0.885,0.37922,1.8341
2022,544,0.96,0.42835,1.845
2023,544,0.985,0.42459,1.8851
2024,544,1.005,0.4263,1.8485
2025,544,1.095,0.44501,1.8754
2026,545,0.75,0.30185,3.6637
2027,545,0.325,0.10881,2.4962
2028,546,0.55,0.18717,4.5829
2029,546,0.55,0.19781,3.447
2030,546,1.5,0.5,2.5
2031,546,1.5,0.5,2.5
2032,546,1.5,0.5,2.5
2033,546,1.5,0.5,2.5
2034,546,1.5,0.5,2.5
2035,546,1.5,0.5,2.5
2036,547,0.875,0.37189,2.7557
2037,547,0.55,0.22402,2.2475
2038,547,0.425,0.14002,2.1696
2039,547,0.275,0.087927,1.8286
2040,547,0.13,0.041783,1.3641
2041,548,0.325,0.11231,2.4198
2042,548,0.325,0.11231,2.4198
2043,549,1.275,0.58001,2.5865
2044,549,1.4,0.70352,2.7323
2045,549,1.275,0.6018,2.5587
2046,549,1.075,0.49127,2.4079
2047,549,1.2,0.52784,2.563
2048,549,1.275,0.51677,2.6355
2049,550,2.1,1.3401,4.9597
2050,550,2.475,1.7412,5.305
2051,550,1.9833,1.3173,4.9833
2052,550,1.4,0.76082,4.5629
2053,550,1.2,0.63424,4.265
2054,550,0.79,0.3696,3.8167
2055,550,0.88333,0.38788,4.0438
2056,550,0.875,0.37118,3.9686
2057,550,0.57,0.20339,3.5336
2058,550,0.4,0.11227,2.9647
2059,551,0.35,0.10911,4.1235
2060,551,0.15,0.048226,2.6612
2061,552,1.1375,0.5032,2.3136
2062,552,1.3625,0.57267,2.4246
2063,552,1.475,0.60526,2.4956
2064,553,4.55,3.2602,6.7081
2065,553,4.35,3.0642,6.6877
2066,553,4.35,2.9435,6.6411
2067,554,1.3,0.4266,6.4086
2068,554,0.35,0.11149,3.9033
2069,555,0.27,0.12906,0.98377
2070,555,0.23667,0.10291,0.95306
2071,555,0.17,0.050599,0.89163
2072,556,0.225,0.082732,1.5419
2073,556,0.575,0.24567,2.0942
