0,0,0.735,0.25348,1.3753
1,0,0.528,0.21267,1.1999
2,0,0.45,0.16225,1.0546
3,1,0.1275,0.039604,0.23118
4,1,0.1275,0.039604,0.23118
5,2,1.065,0.55155,1.8216
6,2,1.065,0.55155,1.8216
7,3,0.55,0.2253,3.5672
8,3,0.55,0.17006,3.3265
9,3,0.55,0.18046,3.4017
10,4,0.15,0.054455,0.84233
11,4,0.34,0.12098,0.94383
12,5,0.43,0.12864,0.98752
13,5,0.45,0.14682,0.98333
14,5,0.6525,0.21199,1.2449
15,6,1.225,0.74222,3.0929
16,6,1.525,0.5985,3.0689
17,7,0.85,0.42086,3.5185
18,7,0.85,0.42086,3.5185
19,8,28.017,22.747,31.973
20,8,20.917,12.212,28.86
21,8,20.75,12.098,28.83
22,9,24.75,13.319,27.343
23,9,24.583,13.441,27.269
24,9,24.25,13.684,27.122
25,10,8.3,3.9296,10.605
26,10,8.7,4.1013,10.596
27,11,17.55,11.843,20.264
28,11,16.95,11.661,20.381
29,12,25.75,17.093,31.301
30,12,26.25,17.679,30.428
31,12,26.31,17.939,29.712
32,12,26.65,18.505,28.802
33,12,26.85,18.427,27.932
34,12,27.6,19.623,29.079
35,12,27.85,20.457,29.989
36,12,26.37,20.633,29.639
37,12,27.375,21.949,29.646
38,12,26.9,23.176,29.87
39,12,24.7,23.772,30.131
40,12,25.1,23.75,30.394
41,13,24.9,22.26,28.697
42,13,23.5,22.849,28.713
43,13,25.3,23.844,29.059
44,13,24.9,23.745,29.146
45,13,24.5,23.561,29.415
46,13,24.7,23.666,29.499
47,13,24.9,23.771,29.584
48,13,27.55,26.634,29.816
49,13,29.25,27.678,30.694
50,13,29.55,27.896,31.941
51,13,29.35,28.271,32.425
52,13,29.225,28.29,32.823
53,13,29.1,28.31,33.22
54,13,28.7,27.725,33.134
55,13,28.65,26.88,30.785
56,13,27.95,25.639,29.098
57,13,25.15,24.154,28.562
58,13,24.425,23.537,28.248
59,13,23.7,22.921,27.934
60,13,23.7,22.099,27.79
61,13,22.1,20.668,27.584
62,14,12.45,11.727,15.161
63,14,14.95,13.571,17.881
64,14,14.95,13.571,17.881
65,14,15.55,13.847,18.374
66,14,18.7,14.232,19.249
67,14,18.275,14.226,18.88
68,14,17.85,14.219,18.511
69,14,16.55,14.197,18.631
70,14,15.475,13.996,16.753
71,14,12.7,9.7129,14.962
72,15,15.7,13.8,16.7
73,15,15.7,13.8,16.7
74,16,15.7,13.8,16.7
75,16,15.7,13.8,16.7
76,17,31.4,27.9,33.5
77,17,31.4,27.9,33.5
78,17,31.4,27.9,33.5
79,17,31.4,27.9,33.5
80,17,31.4,27.9,33.5
81,17,31.4,27.9,33.5
82,18,31.4,27.9,33.5
83,18,31.4,27.9,33.5
84,18,31.4,27.9,33.5
85,18,31.4,27.9,33.5
86,18,31.4,27.9,33.5
87,18,31.4,27.9,33.5
88,18,31.4,27.9,33.5
89,18,31.4,27.9,33.5
90,19,8.9,4.4914,9.8394
91,19,5.6083,4.2634,7.797
92,19,3.65,2.8436,5.7531
93,19,4.3583,3.3898,5.8715
94,19,5.125,4.1259,6.1189
95,19,6.05,4.2588,6.9528
96,19,5.675,4.1962,6.6603
97,19,5.125,3.9679,6.2903
98,20,0.425,0.15991,2.3739
99,20,0.45833,0.1794,2.4194
100,20,0.94167,0.39944,2.5033
101,20,1.0417,0.4708,2.6422
102,20,1.325,0.77613,3.1005
103,21,0.125,0.048985,1.6782
104,21,0.125,0.048985,1.6782
105,22,0.0975,0.032383,0.16082
106,22,0.0975,0.032383,0.16082
107,23,0.3,0.088522,5.1379
108,23,0.3,0.084759,5.3838
109,23,0.3,0.080995,5.6297
110,24,0.15,0.054655,4.5138
111,24,0.25,0.081546,4.7289
112,24,0.1,0.050245,4.5883
113,25,0.425,0.11788,2.5333
114,25,0.425,0.13052,2.5605
115,25,0.425,0.14317,2.5877
116,26,0.405,0.13268,1.1989
117,26,0.285,0.09851,1.2232
118,27,0.25,0.1,0.5
119,27,0.25,0.1,0.5
120,27,0.25,0.1,0.5
121,28,0.47,0.17576,0.8798
122,28,0.47,0.15658,0.85069
123,29,0.405,0.13754,1.4134
124,29,0.5325,0.19643,1.472
125,29,0.48,0.13568,1.4125
126,29,0.42,0.14185,1.3958
127,30,1.85,1.6667,6.181
128,30,3.3,1.8144,6.1742
129,30,4.75,1.962,6.1674
130,30,5.05,2.0633,6.2382
131,30,5.75,3.2283,6.594
132,30,5.05,2.5077,6.3083
133,30,5.05,2.5077,6.3083
134,30,4.55,1.9084,6.4136
135,31,3.05,0.97609,4.0071
136,31,2.85,1.0197,4.3824
137,32,3.45,2.9512,5.9366
138,32,4.275,3.7305,6.1803
139,32,5.175,4.3465,6.2882
140,32,5.4883,4.8085,6.2947
141,32,5.57,4.8515,6.3144
142,32,5.45,4.6994,6.2519
143,32,5.625,4.8968,6.3667
144,32,5.525,4.5757,6.2643
145,32,5.125,4.4017,6.3001
146,33,0.35,0.12849,0.72134
147,33,0.35,0.1134,0.69822
148,34,0.225,0.07351,1.194
149,34,0.225,0.07351,1.194
150,35,0.915,0.40454,1.6761
151,35,0.735,0.30102,1.3993
152,36,0.5,0.1,1
153,36,0.5,0.1,1
154,36,0.5,0.1,1
155,36,0.5,0.1,1
156,36,0.5,0.1,1
157,37,0.38,0.13723,0.73003
158,37,0.36333,0.12913,0.74267
159,37,0.42,0.13913,0.74599
160,37,0.39,0.10257,0.67612
161,37,0.47,0.19279,0.81659
162,38,0.37,0.1092,0.69019
163,38,0.4,0.12058,0.71191
164,39,0.37,0.13829,0.73503
165,39,0.37,0.12289,0.70026
166,39,0.37,0.12993,0.71258
167,40,0.915,0.32475,1.7543
168,40,0.495,0.26839,1.757
169,40,0.735,0.37662,1.7608
170,41,0.17,0.047749,0.80558
171,41,0.17,0.047749,0.80558
172,42,0.67,0.19631,1.1154
173,42,0.23,0.077289,0.93007
174,42,0.35,0.14823,1.0194
175,43,0.41,0.13562,0.74536
176,43,0.39667,0.13126,0.72195
177,43,0.4,0.13142,0.72672
178,44,0.45,0.15664,0.7471
179,44,0.39,0.13754,0.73464
180,45,0.43,0.17034,0.91558
181,45,0.4,0.1518,0.87788
182,45,0.33,0.11376,0.83832
183,45,0.37,0.12389,0.87142
184,46,0.405,0.16136,1.1078
185,46,0.435,0.1652,1.0951
186,46,0.51,0.18329,1.0973
187,47,0.495,0.17997,1.4267
188,47,0.495,0.17997,1.4267
189,48,8.3,7.1,9.5
190,48,5.15,4.3064,8.0264
191,48,5.15,4.3064,8.0264
192,48,5.45,4.4177,8.1375
193,48,6.4,4.6016,8.2824
194,48,7.35,4.7854,8.4274
195,48,5.65,4.8922,8.4967
196,48,6.35,4.6569,8.4579
197,48,5.325,3.9742,8.5249
198,48,4.3,3.2914,8.5918
199,48,4.1,3.2577,8.4719
200,48,4.1,3.2577,8.4719
201,49,2.425,1.6043,4.2438
202,49,2.425,1.6043,4.2438
203,49,2.525,1.6447,4.1824
204,49,2.625,1.6852,4.121
205,50,0.46333,0.13216,0.80444
206,50,0.43,0.11272,0.8054
207,50,0.39,0.09573,0.7847
208,50,0.35,0.099815,0.74692
209,50,0.33,0.0706,0.75479
210,51,0.495,0.3996,1.7262
211,51,0.495,0.3996,1.7262
212,51,0.525,0.31976,1.5842
213,51,0.555,0.23993,1.4422
214,51,0.315,0.1299,1.2654
215,51,0.075,0.019861,1.0886
216,52,2.3,1.7,2.9
217,52,2.3,1.7,2.9
218,53,2.975,2.0484,3.825
219,53,2.6,1.6762,3.7092
220,53,2.225,1.3041,3.5933
221,54,0.33,0.11255,0.69219
222,54,0.35667,0.114,0.68672
223,54,0.37,0.11472,0.68398
224,55,0.435,0.14865,1.1952
225,55,0.435,0.14865,1.1952
226,56,0.435,0.13273,1.0775
227,56,0.435,0.13273,1.0775
228,57,0.405,0.13509,1.153
229,57,0.445,0.13866,1.1081
230,57,0.495,0.1539,1.127
231,57,0.495,0.16345,1.159
232,57,0.405,0.15172,1.131
233,58,0.85,0.46377,3.0789
234,58,0.78333,0.41244,3.035
235,58,0.7,0.34837,2.8383
236,58,0.5375,0.25036,2.3511
237,58,0.55,0.2346,2.1878
238,58,0.675,0.27844,2.3368
239,58,1.05,0.42452,3.0459
240,58,1.35,0.44944,3.1332
241,58,2.55,0.47432,4.3705
242,59,0.495,0.15619,1.4649
243,59,0.63,0.21421,1.4678
244,59,0.5475,0.19138,1.4219
245,59,0.555,0.1737,1.4127
246,59,0.795,0.21555,1.6078
247,59,1.175,0.52513,2.9345
248,59,1.3917,0.51633,2.9857
249,59,1.7875,0.55049,3.4918
250,59,1.7,0.55742,3.7249
251,59,1.55,0.54355,3.6059
252,60,0.405,0.14209,1.195
253,60,0.4275,0.16461,1.4254
254,60,0.395,0.1588,1.5261
255,60,0.535,0.2091,1.4001
256,60,0.53167,0.20471,1.6256
257,60,0.425,0.23038,1.8249
258,61,0.37,0.12389,0.7252
259,61,0.295,0.073638,0.63332
260,62,1.3583,0.59158,2.9167
261,62,2.175,1.3686,2.9609
262,62,2.475,1.5339,3.3771
263,62,2.275,1.2614,3.0853
264,62,2.075,0.98884,2.7936
265,62,1.975,1.3063,2.9245
266,62,2,1.2543,2.9445
267,62,1.6917,0.90143,2.7102
268,62,0.775,0.28333,2.5193
269,63,0.7,0.3,1.1
270,63,0.7,0.3,1.1
271,63,0.7,0.3,1.1
272,63,0.7,0.3,1.1
273,63,0.7,0.3,1.1
274,63,0.7,0.3,1.1
275,63,0.7,0.3,1.1
276,63,0.7,0.3,1.1
277,63,0.7,0.3,1.1
278,64,0.7,0.3,1.1
279,64,0.7,0.3,1.1
280,64,0.7,0.3,1.1
281,64,0.7,0.3,1.1
282,64,0.7,0.3,1.1
283,64,0.7,0.3,1.1
284,64,0.7,0.3,1.1
285,64,0.7,0.3,1.1
286,64,0.7,0.3,1.1
287,64,0.7,0.3,1.1
288,64,0.7,0.3,1.1
289,64,0.7,0.3,1.1
290,64,0.7,0.3,1.1
291,64,0.7,0.3,1.1
292,64,0.7,0.3,1.1
293,64,0.7,0.3,1.1
294,64,0.7,0.3,1.1
295,64,0.7,0.3,1.1
296,64,0.7,0.3,1.1
297,64,0.7,0.3,1.1
298,64,0.7,0.3,1.1
299,64,0.7,0.3,1.1
300,64,0.7,0.3,1.1
301,64,0.7,0.3,1.1
302,64,0.7,0.3,1.1
303,64,0.7,0.3,1.1
304,64,0.7,0.3,1.1
305,64,0.7,0.3,1.1
306,65,0.8,0.3,1.3
307,65,0.8,0.3,1.3
308,65,0.8,0.3,1.3
309,65,0.8,0.3,1.3
310,65,0.8,0.3,1.3
311,65,0.8,0.3,1.3
312,65,0.8,0.3,1.3
313,65,0.8,0.3,1.3
314,65,0.8,0.3,1.3
315,65,0.8,0.3,1.3
316,65,0.8,0.3,1.3
317,66,0.7,0.3,1.1
318,66,0.7,0.3,1.1
319,66,0.7,0.3,1.1
320,66,0.7,0.3,1.1
321,66,0.7,0.3,1.1
322,66,0.7,0.3,1.1
323,66,0.7,0.3,1.1
324,66,0.7,0.3,1.1
325,66,0.7,0.3,1.1
326,66,0.7,0.3,1.1
327,67,0.7,0.3,1.1
328,67,0.7,0.3,1.1
329,67,0.7,0.3,1.1
330,67,0.7,0.3,1.1
331,67,0.7,0.3,1.1
332,67,0.7,0.3,1.1
333,67,0.7,0.3,1.1
334,67,0.7,0.3,1.1
335,67,0.7,0.3,1.1
336,67,0.7,0.3,1.1
337,67,0.7,0.3,1.1
338,67,0.7,0.3,1.1
339,67,0.7,0.3,1.1
340,67,0.7,0.3,1.1
341,67,0.7,0.3,1.1
342,67,0.7,0.3,1.1
343,67,0.7,0.3,1.1
344,67,0.7,0.3,1.1
345,68,0.5,0.1,0.9
346,68,0.5,0.1,0.9
347,68,0.5,0.1,0.9
348,68,0.5,0.1,0.9
349,68,0.5,0.1,0.9
350,68,0.5,0.1,0.9
351,68,0.5,0.1,0.9
352,68,0.5,0.1,0.9
353,68,0.5,0.1,0.9
354,68,0.5,0.1,0.9
355,68,0.5,0.1,0.9
356,68,0.5,0.1,0.9
357,68,0.5,0.1,0.9
358,68,0.5,0.1,0.9
359,68,0.5,0.1,0.9
360,68,0.5,0.1,0.9
361,69,0.8,0.3,1.3
362,69,0.8,0.3,1.3
363,69,0.8,0.3,1.3
364,69,0.8,0.3,1.3
365,69,0.8,0.3,1.3
366,69,0.8,0.3,1.3
367,69,0.8,0.3,1.3
368,69,0.8,0.3,1.3
369,69,0.8,0.3,1.3
370,69,0.8,0.3,1.3
371,69,0.8,0.3,1.3
372,69,0.8,0.3,1.3
373,69,0.8,0.3,1.3
374,69,0.8,0.3,1.3
375,69,0.8,0.3,1.3
376,69,0.8,0.3,1.3
377,69,0.8,0.3,1.3
378,69,0.8,0.3,1.3
379,70,0.7,0.3,1.1
380,70,0.7,0.3,1.1
381,70,0.7,0.3,1.1
382,70,0.7,0.3,1.1
383,70,0.7,0.3,1.1
384,70,0.7,0.3,1.1
385,70,0.7,0.3,1.1
386,70,0.7,0.3,1.1
387,70,0.7,0.3,1.1
388,70,0.7,0.3,1.1
389,70,0.7,0.3,1.1
390,70,0.7,0.3,1.1
391,70,0.7,0.3,1.1
392,71,0.8,0.3,1.3
393,71,0.8,0.3,1.3
394,71,0.8,0.3,1.3
395,71,0.8,0.3,1.3
396,71,0.8,0.3,1.3
397,71,0.8,0.3,1.3
398,71,0.8,0.3,1.3
399,71,0.8,0.3,1.3
400,72,0.37,0.13791,0.71078
401,72,0.318,0.084922,0.64738
402,73,0.39,0.12418,0.94071
403,73,0.4275,0.12084,1.0134
404,73,0.465,0.1239,1.0766
405,74,2,0,10
406,74,2,0,10
407,74,2,0,10
408,74,2,0,10
409,74,2,0,10
410,74,2,0,10
411,75,0.4,0.2,0.6
412,75,0.4,0.2,0.6
413,76,3,1.5,4.5
414,76,3,1.5,4.5
415,76,3,1.5,4.5
416,77,0.35,0.095092,0.68477
417,77,0.303,0.089297,0.64172
418,77,0.3,0.08763,0.64324
419,77,0.29,0.095087,0.65768
420,78,2.275,0.95285,3.6755
421,78,1.8917,0.84358,3.4797
422,78,1.125,0.62503,3.0881
423,78,0.825,0.52336,2.917
424,78,0.825,0.52336,2.917
425,79,0.13,0.046651,0.87819
426,79,0.258,0.10987,0.90164
427,79,0.45,0.20469,0.93683
428,80,4.75,2.6386,5.4657
429,80,5.65,2.6752,6.3928
430,80,4.225,2.6588,4.9999
431,80,4.0583,2.4838,4.8788
432,80,3.525,2.5229,4.4936
433,81,2.3375,1.6889,4.3606
434,81,2.3875,1.774,4.4502
435,81,2.45,1.881,4.6219
436,81,3.625,2.5315,4.7128
437,81,3.625,2.5315,4.7128
438,81,3.725,2.8063,4.6486
439,82,5.65,2.6969,6.8246
440,82,5.55,2.6224,6.6215
441,82,5.45,2.7177,7.0709
442,82,4.25,2.7155,6.2754
443,82,4.25,2.522,7.1589
444,82,3.1833,2.0519,5.5494
445,82,1.85,1.0663,3.9097
446,83,0.765,0.29014,1.3044
447,83,0.6475,0.23693,1.2028
448,83,0.53,0.18373,1.1013
449,84,0.555,0.17641,1.2471
450,84,0.555,0.17641,1.2471
451,85,0.925,0.46382,2.7087
452,85,0.925,0.46382,2.7087
453,86,2.225,1.1198,3.3272
454,86,2.225,1.1198,3.3272
455,87,0.725,0.36447,2.624
456,87,0.725,0.36447,2.624
457,88,0.49,0.16644,1.0827
458,88,0.27,0.10491,0.93792
459,88,0.45,0.14348,1.0281
460,89,2,1,3
461,89,2,1,3
462,90,0.255,0.069942,1.0625
463,90,0.465,0.20703,1.5519
464,90,0.465,0.20703,1.5519
465,91,0.39,0.12588,0.71394
466,91,0.41,0.14119,0.74492
467,92,0.555,0.24481,1.6502
468,92,0.555,0.23447,1.5436
469,92,0.675,0.29485,1.2906
470,93,0.425,0.15416,1.6414
471,93,0.925,0.30739,2.0434
472,93,0.45833,0.15837,1.7438
473,93,0.225,0.083853,1.594
474,94,0.35,0.12247,0.72082
475,94,0.43,0.16396,0.75321
476,94,0.46,0.16506,0.76224
477,94,0.39,0.15575,0.76674
478,95,0.765,0.32008,1.6415
479,95,0.80833,0.32722,1.8006
480,95,0.875,0.3471,2.2484
481,96,0.75,0.37542,1.2765
482,96,0.375,0.12815,1.5173
483,96,0.50833,0.26677,1.7408
484,96,0.775,0.41963,2.2331
485,96,0.975,0.50319,2.6138
486,97,1.85,1.1569,5.2332
487,97,1.85,1.1569,5.2332
488,98,0.575,0.22699,1.2436
489,98,0.69,0.26825,1.2957
490,98,0.825,0.3284,1.3938
491,98,0.765,0.31274,1.3508
492,99,0.049,0.017307,0.081737
493,99,0.05,0.017416,0.082108
494,99,0.051,0.017526,0.082479
495,100,0.375,0.10091,1.1264
496,100,0.45,0.13028,1.3471
497,100,0.705,0.24093,1.494
498,100,0.855,0.33016,1.5614
499,100,0.825,0.33812,1.7027
500,100,0.925,0.14577,1.5665
501,101,0.285,0.089714,1.3364
502,101,0.285,0.089714,1.3364
503,102,0.165,0.04945,1.1382
504,102,0.165,0.04945,1.1382
505,103,0.53,0.18815,0.82863
506,103,0.45,0.16441,0.79351
507,104,0.36,0.13627,0.73433
508,104,0.39,0.14533,0.7464
509,104,0.43667,0.15154,0.75263
510,105,0.6675,0.25221,1.4221
511,105,0.42,0.15368,1.2329
512,105,0.435,0.17044,1.2448
513,105,0.42,0.17447,1.2563
514,106,3.075,1.8401,4.3313
515,106,3.075,1.8401,4.3313
516,106,3.0083,1.8246,4.0622
517,106,2.875,1.7935,3.524
518,106,2.875,1.7935,3.524
519,107,1.325,0.92202,2.8396
520,107,1.375,0.63623,2.7882
521,107,1.425,0.35044,2.7368
522,108,2.325,1.4431,4.125
523,108,2.325,1.4431,4.125
524,109,0.21,0.061192,0.62369
525,109,0.21,0.056557,0.63135
526,110,1.625,0.66615,2.3543
527,110,1.245,0.636,1.9998
528,110,1.6517,0.71732,2.35
529,110,1.775,0.7052,2.4584
530,110,1.675,0.71391,2.4423
531,111,0.62,0.30081,1.2369
532,111,0.76833,0.32425,1.3013
533,111,0.73875,0.33284,1.2759
534,111,0.55625,0.27825,1.2392
535,112,0.77,0.34063,1.2699
536,112,0.77833,0.3391,1.353
537,112,0.715,0.30827,1.4132
538,112,0.7575,0.28816,1.5706
539,113,0.375,0.18436,0.73301
540,113,0.3725,0.15333,0.71627
541,113,0.37,0.1223,0.69953
542,114,0.51,0.1655,1.0815
543,114,0.52,0.17587,1.0328
544,114,0.53,0.17002,1.0313
545,114,0.43667,0.15314,0.95497
546,114,0.41,0.14113,0.91294
547,114,0.43,0.13755,0.90906
548,114,0.35,0.090707,0.92947
549,115,0.405,0.11433,1.2254
550,115,0.445,0.15617,1.19
551,115,0.453,0.15819,1.1507
552,115,0.435,0.12983,1.1184
553,116,1.275,0.23042,2.5793
554,116,1.425,0.57976,2.548
555,116,1.275,0.54838,2.6411
556,116,1.5,0.51358,2.6223
557,117,0.285,0.13337,1.5511
558,117,0.555,0.22,1.5719
559,118,0.135,0.048444,1.3906
560,118,0.255,0.079127,1.4568
561,118,0.255,0.087955,1.4159
562,119,0.345,0.12163,1.2665
563,119,0.285,0.10607,1.2286
564,120,0.3,0.1,0.5
565,120,0.3,0.1,0.5
566,120,0.3,0.1,0.5
567,120,0.3,0.1,0.5
568,120,0.3,0.1,0.5
569,120,0.3,0.1,0.5
570,121,0.4,0.13488,0.73811
571,121,0.42,0.14009,0.7432
572,121,0.41,0.13771,0.74302
573,121,0.4,0.12809,0.72439
574,122,0.4675,0.18578,1.0984
575,122,0.39667,0.14714,0.97463
576,122,0.42,0.13042,0.97295
577,122,0.45,0.16092,1.0422
578,122,0.55,0.17516,1.0543
579,122,0.44,0.16519,1.0087
580,122,0.46,0.17754,1.0565
581,122,0.49,0.19679,1.0813
582,122,0.46,0.1793,1.0785
583,122,0.47,0.18646,1.0684
584,123,1.08,0.41443,1.7134
585,123,0.705,0.26925,1.3138
586,123,0.775,0.34074,1.416
587,123,0.795,0.34685,1.4519
588,123,0.885,0.39218,1.5403
589,123,0.825,0.34316,1.7768
590,123,1.125,0.42618,1.9865
591,123,1.035,0.38739,1.8775
592,124,0.945,0.50939,1.6739
593,124,0.9,0.40534,1.6788
594,124,0.81,0.354,1.6161
595,124,0.285,0.23475,1.4632
596,125,0.3,0.08433,5.2788
597,125,0.5,0.18971,5.2663
598,125,0.8,0.32275,5.3919
599,125,0.7,0.24502,5.5425
600,126,0.45,0.12476,3.765
601,126,0.45,0.12946,3.8347
602,126,0.45,0.13416,3.9043
603,127,0.41,0.13518,0.96921
604,127,0.41,0.14842,1.0071
605,128,0.39,0.12507,0.72456
606,128,0.37,0.11818,0.6921
607,128,0.39667,0.13232,0.71721
608,129,0.43,0.14316,0.74409
609,129,0.40333,0.13209,0.72275
610,129,0.41,0.13821,0.73736
611,129,0.48333,0.16973,0.78764
612,130,0.39,0.12222,0.69634
613,130,0.306,0.096923,0.67281
614,130,0.25,0.080058,0.65713
615,131,0.5475,0.19406,1.1591
616,131,0.54,0.20458,1.1511
617,131,0.465,0.14651,1.1678
618,132,0.345,0.11513,0.58327
619,132,0.345,0.11513,0.58327
620,133,0.29,0.098823,0.67251
621,133,0.29,0.090906,0.67598
622,134,0.275,0.079134,0.60121
623,134,0.275,0.070829,0.59276
624,134,0.32833,0.089783,0.63363
625,135,0.47667,0.16218,1.0721
626,135,0.41,0.16217,1.0671
627,135,0.33,0.11122,0.98255
628,136,0.65,0.24296,4.5929
629,136,0.65,0.24296,4.5929
630,137,0.41,0.14153,1.0521
631,137,0.35,0.090255,0.98362
632,137,0.40333,0.12982,1.0256
633,137,0.43,0.14961,1.0466
634,138,4.15,2.5571,5.9886
635,138,4.15,2.5571,5.9886
636,138,4.15,2.5571,5.9886
637,138,4.15,2.5571,5.9886
638,138,4.15,2.5571,5.9886
639,138,3.35,2.4408,5.6113
640,138,3.35,2.4408,5.6113
641,138,3.35,2.4408,5.6113
642,138,3.35,2.4408,5.6113
643,138,3.35,2.4408,5.6113
644,138,3.35,2.4408,5.6113
645,139,0.37,0.11921,0.70735
646,139,0.355,0.097691,0.64509
647,139,0.295,0.076191,0.64179
648,140,1.225,0.68938,3.0118
649,140,1.375,0.76232,2.5978
650,140,1.375,0.76232,2.5978
651,140,1.635,0.79176,2.3087
652,140,1.485,0.75968,2.2341
653,141,1.025,0.30809,2.4287
654,141,0.675,0.27886,1.5244
655,141,0.675,0.2892,2.5394
656,141,0.725,0.29281,1.9217
657,141,0.3,0.1,0.6
658,141,0.3,0.1,0.6
659,141,0.3,0.1,0.6
660,142,0.47,0.19901,0.93975
661,142,0.322,0.10162,0.83804
662,142,0.49,0.16181,0.91777
663,142,0.43,0.15063,0.88928
664,142,0.37667,0.13645,0.87413
665,142,0.46,0.15987,0.97702
666,143,0.261,0.066855,0.62593
667,143,0.206,0.063119,0.62952
668,144,0.255,0.07598,1.1635
669,144,0.255,0.07598,1.1635
670,145,0.435,0.12451,1.1539
671,145,0.435,0.12451,1.1539
672,146,0.29,0.097108,1.0225
673,146,0.29,0.097108,1.0225
674,147,1.65,0.81018,3.5661
675,147,1.6687,0.77908,3.4288
676,147,1.55,0.88118,4.2009
677,148,0.33,0.097033,0.66449
678,148,0.275,0.080073,0.64391
679,148,0.2775,0.081849,0.64068
680,149,0.645,0.26384,1.4613
681,149,0.655,0.25426,1.3894
682,149,0.675,0.2351,1.2455
683,149,0.525,0.16677,1.1296
684,149,0.525,0.16677,1.1296
685,150,0.47667,0.16939,0.78586
686,150,0.46,0.15977,0.77492
687,150,0.47,0.15805,0.7864
688,150,0.43667,0.14211,0.77569
689,150,0.43,0.10702,0.75859
690,150,0.35,0.10403,0.70978
691,151,0.29,0.078314,0.94154
692,151,0.34,0.096135,0.98298
693,152,0.33,0.10647,0.89748
694,152,0.435,0.18572,1.3764
695,152,0.58,0.21244,1.8779
696,152,0.625,0.22365,2.2995
697,152,0.55,0.18036,2.4298
698,152,0.49167,0.17875,2.1187
699,152,1.0417,0.2124,1.8754
700,152,1.3083,0.22855,1.8535
701,152,0.69375,0.22265,1.5067
702,152,0.486,0.16725,1.1651
703,152,0.1325,0.041271,1.0424
704,152,0.13437,0.044749,0.98907
705,152,0.05,0.016346,0.71608
706,153,0.42,0.13816,0.74474
707,153,0.3925,0.13251,0.71264
708,153,0.3625,0.12041,0.68783
709,153,0.41,0.13302,0.72829
710,153,0.46,0.16086,0.77879
711,154,1.25,0.49143,2.4859
712,154,1.175,0.46521,2.4746
713,154,0.925,0.24136,2.2938
714,155,0.375,0.10103,1.3686
715,155,0.375,0.10103,1.3686
716,155,0.225,0.079181,1.3471
717,155,0.375,0.12864,1.4794
718,155,0.375,0.12864,1.4794
719,156,13.7,13.17,16.094
720,156,13.517,13.041,16.101
721,156,15.575,14.141,16.285
722,156,15.675,14.042,16.303
723,156,15.775,13.942,16.32
724,156,15.775,14.379,16.496
725,156,15.825,14.579,16.566
726,157,3.45,2.869,12.345
727,157,3.45,2.869,12.345
728,157,3.45,2.869,12.345
729,157,3.45,2.869,12.345
730,157,3.45,2.869,12.345
731,157,3.45,2.869,12.345
732,157,3.45,2.869,12.345
733,158,7.3,6.5595,12.798
734,158,7.3,6.5485,12.856
735,159,1.05,0.87206,3.6502
736,159,1.05,0.87206,3.6502
737,160,3.3,2.6397,10.195
738,160,2.25,1.6976,10.441
739,160,3.475,2.6917,10.534
740,160,4.7,3.6857,10.627
741,160,4.3,3.7003,10.578
742,161,16.1,13.957,19.391
743,161,16.1,13.957,19.391
744,162,7.7,6.3717,14.789
745,162,7.7,6.3717,14.789
746,163,7.3,3.3922,9.3676
747,163,5.55,3.1803,7.7687
748,163,5.55,3.1803,7.7687
749,163,5.25,3.1617,7.7708
750,164,3.5,2.31,7.3373
751,164,3.2125,2.1815,5.879
752,164,2.925,2.0529,4.4206
753,164,2.6,1.7061,3.8474
754,164,2.275,1.3593,3.2742
755,164,2.275,1.3593,3.2742
756,164,2.275,1.3593,3.2742
757,165,2.45,0.83124,3.5428
758,165,2.45,0.83124,3.5428
759,165,2.725,1.9597,4.305
760,165,3.75,1.8039,4.7155
761,165,3.75,1.8039,4.7155
762,165,3.85,1.7537,6.4817
763,165,3.85,1.7537,6.4817
764,166,0.765,0.285,1.3371
765,166,1.045,0.33241,1.6176
766,166,1.09,0.35041,1.7266
767,166,0.87,0.32682,1.6292
768,166,0.93,0.34377,1.6824
769,167,0.855,0.38584,1.5843
770,167,0.865,0.36857,1.763
771,167,0.85,0.34712,1.7067
772,167,0.85,0.36731,1.8834
773,167,0.865,0.38086,1.8544
774,168,0.36,0.11698,0.70457
775,168,0.37,0.11386,0.69761
776,168,0.37,0.11161,0.69716
777,169,3,1,5
778,169,3,1,5
779,169,3,1,5
780,169,3,1,5
781,169,3,1,5
782,169,3,1,5
783,170,0.5,0.1,1
784,170,0.5,0.1,1
785,170,0.5,0.1,1
786,170,0.5,0.1,1
787,170,0.6375,0.21095,1.5538
788,170,0.74,0.3001,1.8873
789,170,0.615,0.19021,1.2121
790,171,1.15,0.61752,3.8976
791,171,1.275,0.38067,2.722
792,171,1.3083,0.56965,3.0138
793,171,2.175,0.78063,3.1409
794,172,0.55667,0.20787,1.1697
795,172,0.635,0.25669,1.299
796,172,0.525,0.21166,1.2024
797,172,0.63,0.23459,1.2362
798,172,0.645,0.21443,1.2656
799,173,0.5225,0.16983,1.1299
800,173,0.44,0.14287,1.038
801,173,0.36,0.12815,0.97181
802,173,0.3,0.1111,0.91352
803,173,0.34,0.11397,0.90116
804,173,0.34,0.097503,0.90965
805,174,0.882,0.43278,1.5866
806,174,0.804,0.33591,1.3573
807,175,1.275,0.21595,2.0129
808,175,1.225,0.34662,1.9117
809,175,0.9,0.34399,1.7047
810,175,0.76833,0.3492,1.7197
811,175,0.54,0.27372,1.6305
812,175,0.635,0.24966,1.6302
813,175,0.855,0.34503,1.7414
814,176,0.51,0.2093,0.86832
815,176,0.66333,0.21222,0.88932
816,176,0.65,0.21698,0.89491
817,177,0.585,0.20818,1.1771
818,177,0.57125,0.22325,1.1712
819,177,0.52333,0.19665,1.1198
820,177,0.5475,0.18479,1.1229
821,178,0.51,0.18443,0.99746
822,178,0.55,0.19175,1.0064
823,179,0.735,0.22602,1.4642
824,179,0.735,0.22602,1.4642
825,180,0.795,0.28905,1.3726
826,180,0.735,0.27158,1.345
827,180,0.705,0.26285,1.3313
828,181,0.48,0.15915,1.1278
829,181,0.495,0.17583,1.1561
830,182,0.705,0.40429,1.5823
831,182,0.78,0.42145,1.5527
832,182,0.935,0.46877,1.5971
833,182,0.81,0.38755,1.4901
834,183,3.125,2.5656,18.29
835,183,5,4.4645,18.288
836,184,0.35,0.1,0.6
837,184,0.35,0.1,0.6
838,184,0.35,0.1,0.6
839,184,0.35,0.1,0.6
840,184,0.35,0.1,0.6
841,184,0.36875,0.1264,0.90075
842,184,0.5,0.23765,1.9753
843,184,0.525,0.23633,1.9202
844,184,0.475,0.20293,1.6929
845,185,3.275,1.6632,3.9535
846,185,3.275,1.6632,3.9535
847,185,2.275,1.3826,3.1864
848,185,2.275,1.3826,3.1864
849,186,0.39,0.13107,0.74474
850,186,0.39,0.13107,0.74474
851,187,0.975,0.4062,1.611
852,187,0.975,0.4062,1.611
853,187,0.975,0.4062,1.611
854,187,0.775,0.44779,2.1783
855,187,0.775,0.44779,2.1783
856,188,0.525,0.19136,1.5058
857,188,0.705,0.25608,1.6102
858,188,0.795,0.28844,1.6624
859,189,0.675,0.17078,1.526
860,189,0.735,0.24518,1.567
861,190,0.55,0.22639,3.2651
862,190,0.75,0.30695,3.28
863,190,0.75,0.30695,3.28
864,190,0.55,0.20677,3.2818
865,191,0.315,0.11391,1.1163
866,191,0.63333,0.22912,1.2652
867,192,0.54,0.19144,1.261
868,192,0.4675,0.1772,1.1459
869,192,0.675,0.23151,1.3878
870,193,3.85,2.8071,6.8771
871,193,4.1,3.0986,6.7619
872,193,4.7625,3.715,6.6062
873,193,5.0625,3.8694,6.7767
874,193,4.2,2.9945,6.6837
875,194,0.255,0.090808,1.3102
876,194,0.255,0.090808,1.3102
877,194,0.535,0.238,1.3389
878,194,0.675,0.31159,1.3533
879,194,0.675,0.31159,1.3533
880,195,0.66,0.23055,1.4723
881,195,0.555,0.17446,1.3999
882,195,0.51,0.18149,1.4359
883,195,0.525,0.21438,1.4868
884,195,0.765,0.29058,1.5911
885,196,7.1,5.4503,17.257
886,196,7.65,6.8694,17.508
887,196,8.85,7.8708,17.767
888,197,3,1,4
889,197,3,1,4
890,197,3,1,4
891,197,3,1,4
892,197,3,1,4
893,197,3,1,4
894,197,3,1,4
895,197,3,1,4
896,197,3,1,4
897,197,3,1,4
898,197,3,1,4
899,197,3,1,4
900,197,3,1,4
901,198,5.3,4.8544,10.293
902,198,5.3,4.8544,10.293
903,198,6.825,6.1359,10.571
904,198,8.35,7.4174,10.848
905,198,8.35,7.4174,10.848
906,198,11.15,8.7152,11.998
907,198,11.15,8.7152,11.998
908,198,12.45,10.42,13.415
909,198,12.45,10.42,13.415
910,198,11.75,10.673,14.799
911,198,11.75,10.673,14.799
912,198,11.65,10.568,14.368
913,198,11.55,10.464,13.937
914,199,0.49,0.19415,1.107
915,199,0.465,0.1668,1.2328
916,199,0.465,0.1668,1.2328
917,199,0.47,0.21637,0.98738
918,200,0.525,0.1976,1.1841
919,200,0.525,0.1976,1.1841
920,201,0.31,0.10416,0.86804
921,201,0.49,0.16638,0.98817
922,202,0.855,0.28242,1.4775
923,202,0.855,0.28242,1.4775
924,203,0.585,0.24206,1.2146
925,203,0.645,0.29454,1.3426
926,203,0.705,0.34702,1.4707
927,204,0.585,0.18518,1.1711
928,204,0.555,0.22023,1.3738
929,204,0.39,0.13619,1.0547
930,204,0.525,0.15273,1.1417
931,205,0.465,0.13675,1.0988
932,205,0.555,0.15568,1.3342
933,206,0.425,0.15504,1.9228
934,206,0.375,0.13658,1.8873
935,206,0.375,0.13658,1.8873
936,206,0.375,0.14397,1.8909
937,206,0.475,0.16499,1.9255
938,206,0.575,0.186,1.9601
939,207,0.585,0.21865,1.4579
940,207,0.585,0.21865,1.4579
941,208,0.57,0.21658,1.409
942,208,0.63,0.22915,1.3222
943,208,0.595,0.21325,1.1835
944,209,0.17,0.072714,0.90335
945,209,0.21,0.072915,0.883
946,209,0.29,0.073317,0.84229
947,210,0.255,0.068898,1.1512
948,210,0.345,0.16196,1.2384
949,210,0.405,0.224,1.2966
950,211,0.945,0.32789,1.5765
951,211,0.849,0.29246,1.4776
952,211,0.77357,0.28813,1.4309
953,211,0.675,0.28925,1.3908
954,212,0.585,0.25358,1.3035
955,212,0.6075,0.20454,1.2843
956,213,0.63,0.24801,1.5005
957,213,0.615,0.25947,1.4067
958,213,0.645,0.25476,1.3715
959,213,0.621,0.22627,1.286
960,213,0.555,0.22214,1.3702
961,213,0.615,0.23497,1.4045
962,213,0.665,0.23495,1.4105
963,213,0.6225,0.236,1.2932
964,213,0.675,0.265,1.3777
965,213,0.645,0.29193,1.3328
966,213,0.525,0.17172,1.1816
967,214,1.035,0.37654,1.7518
968,214,0.915,0.34319,1.51
969,214,0.75,0.30684,1.4283
970,214,0.675,0.27539,1.3166
971,214,0.6,0.20583,1.2193
972,215,0.65,0.26197,1.1582
973,215,0.675,0.26336,1.2816
974,215,0.65833,0.25425,1.2184
975,215,0.6475,0.27052,1.2318
976,215,0.645,0.29135,1.2768
977,216,0.1425,0.053471,0.24693
978,216,0.1425,0.055175,0.24903
979,217,0.35,0.12352,3.051
980,217,0.825,0.37133,2.9143
981,217,0.5375,0.24597,2.9628
982,217,0.25,0.12061,3.0113
983,217,0.31667,0.13352,3.0114
984,217,0.35,0.13997,3.0114
985,218,0.55,0.21696,4.5723
986,218,0.81667,0.34054,4.6333
987,218,0.55,0.21069,4.6315
988,218,0.25,0.13465,4.5855
989,218,0.275,0.12699,4.6172
990,218,0.3,0.11933,4.6488
991,218,0.25,0.093213,4.5401
992,218,0.3,0.11047,4.5722
993,218,0.35,0.12772,4.6044
994,219,0.525,0.19177,2.0587
995,219,0.575,0.28333,2.0405
996,219,0.625,0.37488,2.0222
997,219,1.225,0.44697,2.0856
998,220,0.35,0.12437,0.70653
999,220,0.39,0.1278,0.7153
1000,221,0.345,0.10247,1.0647
1001,221,0.345,0.10247,1.0647
1002,222,0.555,0.18062,1.2413
1003,222,0.555,0.18062,1.2413
1004,223,0.495,0.19445,1.251
1005,223,0.495,0.19445,1.251
1006,224,0.22,0.086139,0.96726
1007,224,0.21667,0.077114,0.92521
1008,224,0.23,0.078393,0.96389
1009,225,1.2688,0.4406,2.4022
1010,225,1.8083,0.4851,3.2905
1011,225,0.745,0.29397,1.7587
1012,225,0.495,0.14694,1.2969
1013,226,0.29,0.097889,1.0281
1014,226,0.33667,0.11394,1.0167
1015,226,0.43,0.15444,1.0543
1016,226,0.375,0.10426,1.0958
1017,227,0.705,0.26454,1.6023
1018,227,1.245,0.60725,1.9382
1019,228,0.18,0.063449,0.89144
1020,228,0.17,0.063656,0.87741
1021,229,0.33,0.1144,0.68976
1022,229,0.38333,0.14178,0.75552
1023,229,0.43,0.18402,0.78131
1024,230,0.37,0.1141,0.73271
1025,230,0.33667,0.097569,0.69972
1026,230,0.38,0.11852,0.7357
1027,231,0.414,0.12978,0.73095
1028,231,0.4,0.13264,0.72417
1029,231,0.43667,0.14663,0.7471
1030,232,0.495,0.10625,1.2284
1031,232,0.525,0.18174,1.3588
1032,232,0.745,0.22594,1.4631
1033,232,0.9,0.3021,1.7158
1034,232,0.975,0.38164,1.7795
1035,233,0.37,0.1073,0.68311
1036,233,0.37,0.11156,0.69484
1037,233,0.35,0.10785,0.68425
1038,234,1.075,0.2948,2.0259
1039,234,1.675,0.28845,2.2956
1040,234,1.675,0.28845,2.2956
1041,234,1.725,0.29403,2.2319
1042,235,0.47,0.1331,1.0427
1043,235,0.45,0.14761,1.0457
1044,236,0.915,0.3227,1.6329
1045,236,0.645,0.2385,1.234
1046,236,0.5825,0.20595,1.1529
1047,236,0.5675,0.20082,1.1721
1048,237,0.755,0.3122,1.4581
1049,237,0.771,0.33879,1.4074
1050,237,0.675,0.27236,1.3209
1051,237,0.555,0.21734,1.2407
1052,238,0.685,0.24515,1.3293
1053,238,0.615,0.2442,1.3145
1054,238,0.735,0.27628,1.407
1055,238,0.895,0.31789,1.5743
1056,238,1.053,0.38183,1.7708
1057,238,0.885,0.34231,1.6591
1058,239,0.75,0.5,1.15
1059,239,0.75,0.5,1.15
1060,239,0.75,0.5,1.15
1061,239,0.75,0.5,1.15
1062,239,0.75,0.5,1.15
1063,240,2.5,1.5,3.5
1064,240,2.5,1.5,3.5
1065,240,2.5,1.5,3.5
1066,240,2.5,1.5,3.5
1067,240,2.5,1.5,3.5
1068,240,2.5,1.5,3.5
1069,240,2.5,1.5,3.5
1070,240,2.5,1.5,3.5
1071,240,2.5,1.5,3.5
1072,240,2.5,1.5,3.5
1073,240,2.5,1.5,3.5
1074,240,2.5,1.5,3.5
1075,240,2.5,1.5,3.5
1076,241,0.345,0.085092,1.1387
1077,241,0.375,0.095704,1.104
1078,241,0.405,0.10632,1.0694
1079,242,0.475,0.14733,1.9052
1080,242,0.375,0.11769,1.9985
1081,243,0.765,0.26973,1.4893
1082,243,0.657,0.24277,1.5217
1083,243,0.585,0.2248,1.5433
1084,244,0.19,0.073455,0.99493
1085,244,0.19,0.073455,0.99493
1086,244,0.19,0.073455,0.99493
1087,244,0.19,0.073455,0.99493
1088,244,0.19,0.073455,0.99493
1089,244,0.21167,0.074237,1.0151
1090,244,0.255,0.075803,1.0553
1091,245,2.325,1.2555,4.0082
1092,245,2.425,1.1487,3.9122
1093,245,2.175,1.4835,3.7793
1094,246,2.175,1.1746,3.5756
1095,246,2.175,1.1746,3.5756
1096,246,3.075,1.7853,3.7976
1097,246,3.075,1.7853,3.7976
1098,247,0.1725,0.061128,0.31069
1099,247,0.1725,0.061128,0.31069
1100,248,0.39,0.11897,0.82431
1101,248,0.39,0.11897,0.82431
1102,249,0.59,0.20167,1.1063
1103,249,0.43,0.14784,0.9226
1104,250,0.3,0.1,0.5
1105,250,0.3,0.1,0.5
1106,251,1,0.5,1.5
1107,251,1,0.5,1.5
1108,251,1,0.5,1.5
1109,252,0.3,0.1,0.5
1110,252,0.3,0.1,0.5
1111,252,0.3,0.1,0.5
1112,252,0.3,0.1,0.5
1113,253,0.5,0.1,0.8
1114,253,0.5,0.1,0.8
1115,253,0.5,0.1,0.8
1116,254,0.28,0.05,0.5
1117,254,0.28,0.05,0.5
1118,255,0.45,0.14714,0.93282
1119,255,0.41,0.10764,0.81106
1120,255,0.41,0.091005,0.78141
1121,256,0.85,0.33036,1.9118
1122,256,0.775,0.27172,1.7955
1123,256,0.70833,0.26368,1.7902
1124,256,0.6,0.22061,1.8113
1125,257,0.945,0.46545,1.874
1126,257,0.735,0.41207,1.6118
1127,257,0.555,0.31804,1.5662
1128,257,0.375,0.22402,1.5205
1129,258,0.15,0.047866,3.7314
1130,258,0.15,0.047866,3.7314
1131,258,0.15,0.048012,3.7765
1132,258,0.15,0.062068,3.9455
1133,258,0.15,0.058661,3.8655
1134,258,0.15,0.055254,3.7855
1135,258,0.15,0.063537,3.9542
1136,258,0.15,0.07182,4.1229
1137,259,0.285,0.083019,1.0209
1138,259,0.19,0.063978,0.9249
1139,259,0.19,0.063978,0.9249
1140,260,2.425,1.2776,3.1168
1141,260,2.425,1.2776,3.1168
1142,260,2.425,1.2776,3.1168
1143,260,2.375,1.3624,3.2364
1144,260,2.375,1.3624,3.2364
1145,260,2.375,1.3624,3.2364
1146,260,3.05,1.3481,4.2402
1147,260,3.05,1.3481,4.2402
1148,261,0.418,0.13387,1.0455
1149,261,0.21,0.062504,0.90305
1150,261,0.79,0.28107,1.2218
1151,262,0.4,0.11398,0.78099
1152,262,0.3,0.088292,0.72332
1153,262,0.31,0.10135,0.74655
1154,263,0.37,0.11332,0.69876
1155,263,0.365,0.11424,0.68326
1156,263,0.35,0.11798,0.69559
1157,264,0.59667,0.20132,0.87221
1158,264,0.62,0.20724,0.86924
1159,264,0.57667,0.20957,0.8625
1160,265,0.445,0.15269,0.77436
1161,265,0.47667,0.17445,0.79489
1162,265,0.5,0.18289,0.81667
1163,266,0.57,0.2138,0.86271
1164,266,0.57,0.20116,0.85539
1165,266,0.43,0.16185,0.77833
1166,266,0.49,0.18518,0.82202
1167,267,0.4,0.2,0.6
1168,267,0.4,0.2,0.6
1169,267,0.4,0.2,0.6
1170,267,0.4,0.2,0.6
1171,267,0.4,0.2,0.6
1172,267,0.4,0.2,0.6
1173,267,0.4,0.2,0.6
1174,267,0.4,0.2,0.6
1175,267,0.4,0.2,0.6
1176,267,0.4,0.2,0.6
1177,267,0.4,0.2,0.6
1178,267,0.4,0.2,0.6
1179,267,0.4,0.2,0.6
1180,267,0.4,0.2,0.6
1181,267,0.4,0.2,0.6
1182,267,0.4,0.2,0.6
1183,267,0.4,0.2,0.6
1184,267,0.4,0.2,0.6
1185,268,2.4,1.5161,3.1668
1186,268,2.375,1.5205,3.0468
1187,268,2.825,1.5508,3.4349
1188,268,2.725,1.6137,3.355
1189,268,2.2417,1.45,3.0685
1190,269,4.025,3.1769,5.6307
1191,269,4.1083,3.3138,5.6918
1192,269,4.2,3.3122,5.5659
1193,269,4.4,3.291,5.6868
1194,269,4.725,3.3247,5.6977
1195,269,4.9917,3.3074,5.8747
1196,269,4.9917,3.316,6.238
1197,269,4.95,3.2456,6.3591
1198,269,4.85,3.2172,6.3897
1199,269,5.15,3.273,6.4377
1200,270,1.125,0.36713,1.9366
1201,270,1.125,0.36713,1.9366
1202,270,1.175,0.31538,1.8067
1203,270,1.175,0.31538,1.8067
1204,271,1.065,0.305,1.6665
1205,271,1.065,0.305,1.6665
1206,271,0.47,0.16678,1.0583
1207,271,0.47,0.16678,1.0583
1208,272,1.575,0.79456,2.5646
1209,272,1.475,0.78992,2.3448
1210,272,1.5583,0.7917,2.2833
1211,273,0.465,0.17445,0.6474
1212,273,0.495,0.1661,0.64049
1213,273,0.425,0.15368,0.62184
1214,273,0.435,0.15003,0.60918
1215,273,0.405,0.14099,0.60917
1216,273,0.35,0.13007,0.58343
1217,273,0.295,0.11915,0.55769
1218,273,0.25,0.086179,0.51678
1219,273,0.255,0.085832,0.51748
1220,274,0.425,0.13116,0.60988
1221,274,0.37,0.13084,0.59628
1222,274,0.39833,0.14637,0.59491
1223,274,0.4,0.14805,0.60098
1224,274,0.37,0.13242,0.58037
1225,275,0.525,0.20723,1.2518
1226,275,0.54,0.18755,1.1991
1227,275,0.69,0.24338,1.242
1228,275,0.735,0.27202,1.2626
1229,276,0.765,0.30477,1.3669
1230,276,0.665,0.27847,1.3378
1231,277,0.615,0.23582,1.2879
1232,277,0.615,0.23046,1.2707
1233,277,0.555,0.24162,1.2551
1234,278,0.855,0.36724,1.5651
1235,278,0.825,0.32331,1.4022
1236,279,0.1975,0.068338,0.33193
1237,279,0.2425,0.080626,0.34584
1238,280,2,1,3
1239,280,2,1,3
1240,280,2,1,3
1241,280,2,1,3
1242,280,2,1,3
1243,280,2,1,3
1244,280,2,1,3
1245,280,2,1,3
1246,280,2,1,3
1247,280,2,1,3
1248,280,2,1,3
1249,280,2,1,3
1250,280,2,1,3
1251,281,1,0.5,1.5
1252,281,1,0.5,1.5
1253,281,1,0.5,1.5
1254,281,1,0.5,1.5
1255,281,1,0.5,1.5
1256,281,1,0.5,1.5
1257,282,1.5,1,2
1258,282,1.5,1,2
1259,282,1.5,1,2
1260,282,1.5,1,2
1261,282,1.5,1,2
1262,282,1.5,1,2
1263,282,1.5,1,2
1264,283,0.53,0.17639,1.0693
1265,283,0.43,0.14558,1.0228
1266,283,0.4125,0.13467,1.045
1267,284,0.45,0.16129,1.0558
1268,284,0.37,0.12005,0.94811
1269,284,0.38,0.11432,0.91773
1270,284,0.39,0.10859,0.88735
1271,284,0.47,0.16545,1.0121
1272,284,0.47,0.16545,1.0121
1273,284,0.49,0.17831,1.0478
1274,284,0.51,0.19116,1.0835
1275,285,0.495,0.14604,1.1049
1276,285,0.495,0.16562,1.1686
1277,286,1.225,0.46099,2.28
1278,286,2.2563,0.56731,2.8841
1279,287,0.705,0.3108,1.3865
1280,287,0.705,0.3108,1.3865
1281,288,0.35,0.11594,1.0044
1282,288,0.2675,0.082801,0.99864
1283,289,0.36,0.11648,0.7008
1284,289,0.3325,0.10726,0.68102
1285,289,0.39,0.13005,0.71421
1286,290,0.4,0.12537,0.71834
1287,290,0.4,0.13087,0.72599
1288,290,0.38,0.12227,0.70611
1289,291,0.645,0.2409,1.2949
1290,291,0.615,0.24382,1.2623
1291,291,0.53,0.231,1.1441
1292,292,0.435,0.14948,1.1244
1293,292,0.55,0.20833,1.1187
1294,292,0.525,0.18987,1.2429
1295,293,3.75,2.0425,13.665
1296,293,4.35,2.8881,13.663
1297,293,4.95,3.8578,13.403
1298,293,4.95,3.9819,13.145
1299,293,4.65,3.7768,13.722
1300,294,0.825,0.26884,1.4232
1301,294,0.45,0.12724,0.99163
1302,295,0.675,0.25398,1.3166
1303,295,0.565,0.20596,1.2131
1304,295,0.6,0.21379,1.2729
1305,296,2.25,1.7,2.8
1306,296,2.25,1.7,2.8
1307,296,2.25,1.7,2.8
1308,297,1.95,1.45,2.45
1309,297,1.95,1.45,2.45
1310,298,0.37,0.12759,0.72427
1311,298,0.35,0.10855,0.68491
1312,299,0.525,0.20765,1.1839
1313,299,0.525,0.20765,1.1839
1314,300,0.43,0.14121,0.96778
1315,300,0.4775,0.1844,1.1775
1316,300,0.395,0.14371,1.084
1317,301,0.435,0.13233,1.1281
1318,301,0.435,0.13233,1.1281
1319,302,0.35,0.10133,0.93195
1320,302,0.33,0.08704,0.887
1321,303,0.43,0.15335,0.97556
1322,303,0.41,0.13796,0.9399
1323,304,0.26,0.02,0.5
1324,304,0.26,0.02,0.5
1325,304,0.26,0.02,0.5
1326,304,0.26,0.02,0.5
1327,304,0.26,0.02,0.5
1328,304,0.26,0.02,0.5
1329,305,0.215,0.08,0.35
1330,305,0.215,0.08,0.35
1331,305,0.215,0.08,0.35
1332,305,0.215,0.08,0.35
1333,305,0.215,0.08,0.35
1334,306,0.215,0.08,0.35
1335,306,0.215,0.08,0.35
1336,306,0.215,0.08,0.35
1337,306,0.215,0.08,0.35
1338,306,0.215,0.08,0.35
1339,306,0.215,0.08,0.35
1340,306,0.215,0.08,0.35
1341,307,0.875,0.36221,2.1893
1342,307,2.65,0.99119,4.2542
1343,307,2.4333,0.96657,3.5833
1344,307,2.575,0.96941,3.21
1345,307,2.575,1.0325,3.4186
1346,307,1.9083,0.94433,2.8187
1347,308,0.35,0.11539,0.82357
1348,308,0.31,0.096052,0.76918
1349,308,0.33,0.098194,0.75968
1350,308,0.35,0.10034,0.75019
1351,308,0.35,0.10034,0.75019
1352,308,0.41,0.13168,0.82275
1353,308,0.33,0.10172,0.75738
1354,308,0.33,0.10172,0.75738
1355,308,0.25,0.078828,0.77127
1356,308,0.25,0.078828,0.77127
1357,309,0.495,0.16051,1.123
1358,309,0.51,0.16453,1.106
1359,310,0.46,0.16922,0.76428
1360,310,0.43,0.15537,0.75224
1361,311,0.43,0.15127,0.74913
1362,311,0.41,0.12643,0.71107
1363,312,0.295,0.09719,0.60074
1364,312,0.295,0.09719,0.60074
1365,313,2.085,1.1244,2.7001
1366,313,1.92,1.0898,2.5717
1367,313,1.775,1.1055,2.4732
1368,313,1.4925,0.91357,2.2493
1369,313,1.725,1.0567,2.2701
1370,313,1.245,0.80012,2.0412
1371,313,1.445,0.90296,2.1512
1372,314,1.775,0.93363,2.4554
1373,314,1.775,0.93363,2.4554
1374,315,2.325,1.0105,3.0609
1375,315,2.325,1.0105,3.0609
1376,316,2.7,2.05,3.4
1377,316,2.7,2.05,3.4
1378,316,2.7,2.05,3.4
1379,316,2.7,2.05,3.4
1380,317,2.1,1.55,2.6
1381,317,2.1,1.55,2.6
1382,317,2.1,1.55,2.6
1383,317,2.1,1.55,2.6
1384,318,2,1.55,2.55
1385,318,2,1.55,2.55
1386,318,2,1.55,2.55
1387,318,2,1.55,2.55
1388,319,1.925,0.9977,2.7713
1389,319,1.925,0.9977,2.7713
1390,320,0.305,0.10246,0.54392
1391,320,0.305,0.10246,0.54392
1392,321,0.215,0.077809,0.39542
1393,321,0.215,0.077809,0.39542
1394,321,0.215,0.078421,0.39279
1395,321,0.235,0.080676,0.39732
1396,321,0.255,0.082931,0.40186
1397,322,0.225,0.071181,1.3092
1398,322,0.195,0.063552,1.2466
1399,322,0.195,0.063552,1.2466
1400,322,0.735,0.15432,1.4798
1401,322,1.185,0.53569,1.9138
1402,323,0.1525,0.052911,0.244
1403,323,0.1475,0.053214,0.24605
1404,323,0.15583,0.055685,0.24855
1405,324,0.615,0.23711,1.1951
1406,324,0.6,0.23211,1.1948
1407,324,0.625,0.23935,1.2335
1408,324,0.55875,0.19936,1.1386
1409,325,0.585,0.13763,1.384
1410,325,0.605,0.17793,1.3953
1411,325,0.655,0.19303,1.3903
1412,325,0.735,0.18291,1.3691
1413,326,0.47667,0.16939,1.0909
1414,326,0.28833,0.098924,1.0227
1415,326,0.37,0.11758,0.99385
1416,326,0.21,0.063667,0.97202
1417,327,0.3975,0.11691,1.0421
1418,327,0.36333,0.10663,0.93006
1419,327,0.33,0.10337,0.99295
1420,328,0.31,0.075674,0.90553
1421,328,0.31,0.11139,0.89391
1422,329,0.465,0.14018,1.1259
1423,329,0.465,0.14018,1.1259
1424,330,0.72,0.30085,1.6359
1425,330,0.74,0.3187,1.8065
1426,330,0.885,0.33106,1.4723
1427,330,0.765,0.27773,1.3615
1428,331,1.5,0.5,2.5
1429,331,1.5,0.5,2.5
1430,331,1.5,0.5,2.5
1431,331,1.5,0.5,2.5
1432,331,1.5,0.5,2.5
1433,331,1.5,0.5,2.5
1434,331,1.5,0.5,2.5
1435,331,1.5,0.5,2.5
1436,331,1.5,0.5,2.5
1437,331,1.5,0.5,2.5
1438,331,1.5,0.5,2.5
1439,331,1.5,0.5,2.5
1440,331,1.5,0.5,2.5
1441,331,1.5,0.5,2.5
1442,331,1.5,0.5,2.5
1443,331,1.5,0.5,2.5
1444,331,1.5,0.5,2.5
1445,331,1.5,0.5,2.5
1446,331,1.5,0.5,2.5
1447,332,1.545,0.96054,2.1239
1448,332,1.545,0.96054,2.1239
1449,332,1.515,0.83845,2.2529
1450,332,1.515,0.83845,2.2529
1451,333,0.925,0.36723,2.4482
1452,333,0.975,0.52149,2.4111
1453,333,1,0.55952,2.4377
1454,333,1.025,0.59755,2.4642
1455,333,1.075,0.4036,2.2606
1456,334,1.875,1.3099,2.8337
1457,334,2.115,1.3632,2.8017
1458,334,2.045,1.2295,2.756
1459,335,1.375,0.81793,2.7163
1460,335,1.7083,1.0963,2.7521
1461,335,1.925,1.2991,2.9744
1462,336,0.805,0.35227,1.5258
1463,336,0.755,0.30765,1.4762
1464,336,0.525,0.18457,1.4442
1465,337,0.225,0.083864,1.2179
1466,337,0.235,0.092071,1.1433
1467,337,0.395,0.1393,1.1519
1468,337,0.465,0.1682,1.2348
1469,338,1.425,0.61178,2.0775
1470,338,1.675,0.53502,2.2886
1471,339,2.075,0.54136,2.6079
1472,339,2.075,0.55219,2.6903
1473,339,2.075,0.56302,2.7728
1474,340,0.41,0.12655,1.0157
1475,340,0.41,0.12655,1.0157
1476,341,3.7,2.8,4.65
1477,341,3.7,2.8,4.65
1478,342,3,2.25,3.75
1479,342,3,2.25,3.75
1480,343,2,1.5,2.5
1481,343,2,1.5,2.5
1482,344,2.25,1.7,2.8
1483,344,2.25,1.7,2.8
1484,345,2,1.5,2.5
1485,345,2,1.5,2.5
1486,346,0.525,0.16116,1.25
1487,346,0.54,0.164,1.2539
1488,346,0.555,0.16683,1.2578
1489,346,0.69,0.18931,1.36
1490,346,0.825,0.2118,1.4622
1491,347,1.245,0.62137,1.998
1492,347,1.245,0.62137,1.998
1493,347,1.095,0.52756,1.9923
1494,347,1.095,0.52756,1.9923
1495,348,0.49,0.16384,0.7915
1496,348,0.47,0.17181,0.81323
1497,349,1.175,0.82118,2.409
1498,349,1.175,0.82118,2.409
1499,349,1.175,0.82118,2.409
1500,349,2.025,1.4068,3.7473
1501,349,2.025,1.4068,3.7473
1502,349,1.725,1.1287,3.3799
1503,349,1.725,1.1287,3.3799
1504,350,1.5,0.5,2.5
1505,350,1.5,0.5,2.5
1506,350,1.5,0.5,2.5
1507,350,1.5,0.5,2.5
1508,350,1.5,0.5,2.5
1509,350,1.5,0.5,2.5
1510,350,1.5,0.5,2.5
1511,350,1.5,0.5,2.5
1512,350,1.5,0.5,2.5
1513,350,1.5,0.5,2.5
1514,350,1.5,0.5,2.5
1515,350,1.5,0.5,2.5
1516,350,1.5,0.5,2.5
1517,350,1.5,0.5,2.5
1518,350,1.5,0.5,2.5
1519,350,1.5,0.5,2.5
1520,350,1.5,0.5,2.5
1521,350,1.5,0.5,2.5
1522,351,0.11,0.03595,0.92463
1523,351,0.19667,0.062101,0.91976
1524,351,0.21,0.068142,0.94249
1525,352,2.375,1.6821,3.3196
1526,352,2.375,1.6821,3.3196
1527,353,0.175,0.08225,2.3481
1528,353,0.175,0.08225,2.3481
1529,353,0.475,0.13578,2.362
1530,353,1.125,0.26414,2.1682
1531,353,0.975,0.26318,2.1305
1532,353,0.825,0.26222,2.0929
1533,353,0.55,0.19498,2.0768
1534,353,0.275,0.12775,2.0607
1535,354,0.675,0.35024,1.7324
1536,354,0.915,0.40421,1.7497
1537,355,0.975,0.45599,2.1464
1538,355,1,0.39883,2.0867
1539,355,1.25,0.51109,2.1261
1540,355,1.475,0.71155,2.2556
1541,355,1.51,0.82642,2.3111
1542,355,1.3817,0.69562,2.1352
1543,355,1.2,0.53595,2.0985
1544,356,0.645,0.25628,1.2951
1545,356,0.645,0.25885,1.436
1546,357,0.275,0.10958,1.9685
1547,357,0.275,0.10958,1.9685
1548,358,0.4,0.1,0.4
1549,358,0.4,0.1,0.4
1550,358,0.4,0.1,0.4
1551,358,0.4,0.1,0.4
1552,359,2.975,2.0453,4.3046
1553,359,3.075,2.1694,4.2312
1554,359,2.85,1.9337,4.108
1555,359,1.55,0.52372,4.1112
1556,359,1.55,0.52372,4.1112
1557,359,1.15,0.54684,4.0586
1558,360,0.435,0.13653,1.1128
1559,360,0.45,0.14623,1.1031
1560,360,0.465,0.15592,1.0934
1561,360,0.555,0.14036,1.1283
1562,361,0.57,0.19028,1.0815
1563,361,0.5,0.16244,1.0445
1564,361,0.43,0.13461,1.0075
1565,362,0.45167,0.15971,1.0389
1566,362,0.44333,0.16099,1.0125
1567,362,0.45,0.15177,0.98839
1568,363,0.29,0.087634,0.99593
1569,363,0.23,0.06784,0.93622
1570,363,0.24,0.061869,0.9139
1571,364,0.4775,0.15245,1.0521
1572,364,0.25,0.125,0.5
1573,364,0.25,0.125,0.5
1574,365,0.43,0.13747,0.86655
1575,365,0.45,0.15305,0.81399
1576,366,0.375,0.13304,1.1141
1577,366,0.315,0.1194,1.1322
1578,366,0.255,0.10577,1.1503
1579,367,0.17,0.054792,0.93284
1580,367,0.17,0.054467,0.87168
1581,368,2.925,2.3438,3.9221
1582,368,2.925,2.3438,3.9221
1583,368,2.775,2.283,3.8923
1584,368,2.55,1.9989,3.8795
1585,368,2.325,1.7148,3.8667
1586,369,1.125,0.82584,1.8149
1587,369,1.245,0.75325,1.9078
1588,369,1.29,0.85722,2.0804
1589,369,1.63,0.92673,2.4554
1590,369,2.3875,0.86485,3.8889
1591,369,3.2,0.79768,4.8935
1592,370,2.125,1.5048,3.2584
1593,370,1.725,1.1708,2.7157
1594,370,1.725,1.1708,2.7157
1595,370,2.025,1.084,2.8219
1596,370,2.025,1.084,2.8219
1597,371,0.35,0.103,2.9752
1598,371,0.35,0.103,2.9752
1599,372,0.225,0.075794,0.38405
1600,372,0.225,0.075794,0.38405
1601,373,1.425,0.51495,2.0821
1602,373,1.425,0.51495,2.0821
1603,374,0.945,0.41522,1.77
1604,374,0.945,0.41522,1.77
1605,375,0.825,0.12193,1.5348
1606,375,1.065,0.50576,1.8066
1607,375,1.065,0.50576,1.8066
1608,376,1.185,0.71632,2.2108
1609,376,1.185,0.71632,2.2108
1610,376,0.725,0.34724,2.045
1611,377,0.885,0.55647,1.8522
1612,377,0.885,0.55647,1.8522
1613,377,0.885,0.55647,1.8522
1614,377,0.885,0.55647,1.8522
1615,378,0.35,0.090284,0.66993
1616,378,0.38,0.10872,0.69524
1617,379,0.41,0.15531,1.0365
1618,379,0.49,0.16625,1.0201
1619,379,0.57214,0.20501,1.1212
1620,380,0.53,0.17273,1.0308
1621,380,0.53,0.17273,1.0308
1622,381,0.41,0.19206,1.1011
1623,381,0.52,0.20736,1.1098
1624,381,0.63,0.22267,1.1184
1625,381,0.65,0.24524,1.1887
1626,382,0.43,0.13065,0.93389
1627,382,0.385,0.12693,0.92122
1628,383,0.375,0.11898,1.1138
1629,383,0.375,0.11898,1.1138
1630,383,0.375,0.11898,1.1138
1631,383,0.36,0.11424,1.0945
1632,383,0.345,0.10949,1.0751
1633,383,0.345,0.10949,1.0751
1634,383,0.375,0.10961,1.0886
1635,383,0.405,0.10973,1.102
1636,383,0.405,0.10973,1.102
1637,384,1.825,0.67015,2.7992
1638,384,1.825,0.67015,2.7992
1639,385,1.475,0.83296,2.7175
1640,385,1.475,0.83296,2.7175
1641,386,0.95,0.33269,3.447
1642,386,0.825,0.33123,3.4542
1643,387,0.39,0.13236,0.81069
1644,387,0.446,0.17712,0.83288
1645,388,0.615,0.22486,1.2898
1646,388,0.615,0.22486,1.2898
1647,389,0.725,0.34775,1.8429
1648,389,0.725,0.34775,1.8429
1649,390,0.675,0.26561,1.5204
1650,390,0.615,0.19111,1.3776
1651,391,0.705,0.21668,1.4127
1652,391,0.705,0.21668,1.4127
1653,392,0.2025,0.0657,0.32623
1654,392,0.1975,0.07044,0.32867
1655,393,0.495,0.15704,1.1668
1656,393,0.495,0.15704,1.1668
1657,394,0.1875,0.06402,0.32104
1658,394,0.1875,0.06402,0.32104
1659,395,0.585,0.21934,1.2613
1660,395,0.585,0.21934,1.2613
1661,396,0.23,0.077507,0.92308
1662,396,0.22,0.073619,0.92709
1663,397,2.225,1.6454,3.8733
1664,397,2.225,1.6454,3.8733
1665,398,0.795,0.27649,1.2854
1666,398,0.39,0.13527,1.0138
1667,399,0.645,0.24595,1.2595
1668,399,0.645,0.24595,1.2595
1669,400,0.495,0.17529,1.1441
1670,400,0.555,0.19669,1.2021
1671,400,0.615,0.21808,1.2601
1672,400,0.585,0.23896,1.3564
1673,400,0.585,0.23896,1.3564
1674,400,0.615,0.24061,1.3646
1675,400,0.645,0.24225,1.3727
1676,400,0.735,0.24911,1.4786
1677,400,0.735,0.24911,1.4786
1678,401,0.25,0.081285,3.9328
1679,401,0.4,0.10723,3.9822
1680,401,0.45,0.12489,4.0449
1681,401,0.35,0.11661,4.0583
1682,402,1.25,0.57462,3.9152
1683,402,1.05,0.34024,4.2254
1684,403,0.43,0.14648,0.75495
1685,403,0.402,0.14209,0.75637
1686,403,0.39,0.12886,0.72528
1687,404,0.29,0.088182,0.66976
1688,404,0.338,0.09687,0.67437
1689,404,0.35,0.10782,0.67594
1690,405,2.2,2,2.5
1691,405,2.2,2,2.5
1692,406,1.38,0.64308,2.089
1693,406,1.41,0.69598,2.1105
1694,406,1.455,0.71641,2.122
1695,406,1.375,0.74351,2.2679
1696,407,1.515,0.71509,2.1523
1697,407,1.6483,0.72811,2.3359
1698,407,1.575,0.72773,2.3334
1699,407,2.075,0.77361,2.7208
1700,407,2.175,0.75412,2.8182
1701,408,1.065,0.49808,1.8049
1702,408,1.095,0.5837,1.8018
1703,408,1.305,0.67868,2.0172
1704,408,1.155,0.58248,1.8236
1705,408,1.215,0.64016,1.8382
1706,408,1.185,0.61334,1.8383
1707,409,0.31,0.08148,0.9374
1708,409,0.31,0.089598,0.90783
1709,409,0.33,0.10365,0.92386
1710,410,3,1,5
1711,410,3,1,5
1712,410,3,1,5
1713,410,3,1,5
1714,410,3,1,5
1715,410,3,1,5
1716,411,3,1,5
1717,411,3,1,5
1718,411,3,1,5
1719,411,3,1,5
1720,412,0.705,0.26402,1.3437
1721,412,0.8175,0.26684,1.3945
1722,412,0.741,0.26021,1.3442
1723,412,0.66,0.25052,1.2772
1724,412,0.705,0.2594,1.3097
1725,413,0.043,0.016036,0.081222
1726,413,0.059,0.021452,0.085549
1727,413,0.055,0.021479,0.085053
1728,413,0.053,0.021492,0.084805
1729,414,1.075,0.44077,2.0344
1730,414,0.98,0.42928,1.7757
1731,414,0.885,0.41779,1.517
1732,414,0.765,0.30445,1.5098
1733,415,0.435,0.16895,1.4955
1734,415,0.495,0.21184,1.4399
1735,416,0.15,0.043824,0.93127
1736,416,0.465,0.11841,1.1185
1737,417,1.25,0.64995,3.4519
1738,417,1.3375,0.64391,3.1194
1739,417,1.425,0.63787,2.7869
1740,418,0.38,0.12568,0.73214
1741,418,0.39667,0.1303,0.73172
1742,418,0.38333,0.11895,0.70547
1743,419,11,0,22
1744,419,11,0,22
1745,419,11,0,22
1746,419,11,0,22
1747,419,11,0,22
1748,419,11,0,22
1749,419,11,0,22
1750,419,11,0,22
1751,419,11,0,22
1752,419,11,0,22
1753,419,11,0,22
1754,419,11,0,22
1755,419,11,0,22
1756,419,11,0,22
1757,420,0.1,0.05,0.15
1758,420,0.1,0.05,0.15
1759,420,0.1,0.05,0.15
1760,420,0.1,0.05,0.15
1761,421,0.5,0.1,0.9
1762,421,0.5,0.1,0.9
1763,421,0.5,0.1,0.9
1764,421,0.5,0.1,0.9
1765,421,0.5,0.1,0.9
1766,421,0.5,0.1,0.9
1767,421,0.5,0.1,0.9
1768,421,0.5,0.1,0.9
1769,421,0.5,0.1,0.9
1770,422,3,1,5
1771,422,3,1,5
1772,422,3,1,5
1773,422,3,1,5
1774,422,3,1,5
1775,422,3,1,5
1776,422,3,1,5
1777,423,3,1.5,4.5
1778,423,3,1.5,4.5
1779,423,3,1.5,4.5
1780,423,3,1.5,4.5
1781,423,3,1.5,4.5
1782,423,3,1.5,4.5
1783,424,3,1.5,4.5
1784,424,3,1.5,4.5
1785,424,3,1.5,4.5
1786,424,3,1.5,4.5
1787,424,3,1.5,4.5
1788,424,3,1.5,4.5
1789,424,3,1.5,4.5
1790,425,0.925,0.32408,1.9619
1791,425,1.1583,0.36568,1.9922
1792,425,1.1583,0.40979,1.9297
1793,425,1.025,0.39849,1.9081
1794,426,0.585,0.18187,1.1732
1795,426,0.39,0.13156,1.0448
1796,427,0.48,0.1762,1.1104
1797,427,0.43,0.15017,1.0453
1798,428,0.053,0.017777,0.082425
1799,428,0.053,0.017777,0.082425
1800,429,0.805,0.33507,1.5428
1801,429,0.965,0.38428,1.6025
1802,429,1.24,0.43977,2.1227
1803,429,1.475,0.46495,2.6117
1804,430,0.405,0.10161,1.0983
1805,430,0.405,0.10161,1.0983
1806,431,0.30167,0.10602,0.53728
1807,431,0.31,0.11176,0.54654
1808,431,0.27,0.093085,0.5215
1809,431,0.245,0.082445,0.50393
1810,431,0.305,0.097502,0.53047
1811,432,0.31,0.09977,0.7405
1812,432,0.26714,0.081362,0.72924
1813,432,0.25,0.073998,0.72474
1814,433,0.1925,0.072043,0.32659
1815,433,0.20625,0.073834,0.3309
1816,433,0.21917,0.080935,0.33483
1817,433,0.1985,0.07899,0.33155
1818,433,0.2125,0.07859,0.33537
1819,433,0.2075,0.074599,0.32957
1820,433,0.1925,0.070141,0.32311
1821,433,0.2075,0.075197,0.32839
1822,434,0.049,0.017736,0.081739
1823,434,0.047,0.017764,0.082283
1824,434,0.0475,0.017681,0.082454
1825,434,0.050333,0.017591,0.081836
1826,435,0.135,0.056641,0.98463
1827,435,0.135,0.056641,0.98463
1828,436,2,1.5,2.5
1829,436,2,1.5,2.5
1830,436,2,1.5,2.5
1831,437,1.95,1.45,2.45
1832,437,1.95,1.45,2.45
1833,437,1.95,1.45,2.45
1834,437,1.95,1.45,2.45
1835,438,0.2,0.1,0.3
1836,438,0.2,0.1,0.3
1837,438,0.2,0.1,0.3
1838,439,0.42,0.12799,1.1181
1839,439,0.45,0.1279,1.0956
1840,439,0.525,0.16261,1.1221
1841,439,0.735,0.29717,1.3937
1842,439,0.735,0.3233,1.4915
1843,439,0.765,0.2873,1.4219
1844,439,0.975,0.38096,1.819
1845,440,2.7,2.05,3.4
1846,440,2.7,2.05,3.4
1847,441,2.75,2.05,3.4
1848,441,2.75,2.05,3.4
1849,442,2,1.5,2.5
1850,442,2,1.5,2.5
1851,443,0.44333,0.14579,1.0113
1852,443,0.44,0.12376,0.95503
1853,443,0.39,0.11761,0.96017
1854,444,0.25,0.087016,3.0153
1855,444,0.25,0.085871,2.9822
1856,444,0.25,0.083579,2.916
1857,445,0.35,0.099149,0.9787
1858,445,0.35,0.099149,0.9787
1859,445,0.35,0.13116,0.9873
1860,446,2.15,1.2823,4.0914
1861,446,2.15,1.2823,4.0914
1862,446,1.925,1.0259,3.5131
1863,447,1.325,0.73897,3.0386
1864,447,1.325,0.73897,3.0386
1865,447,1.325,0.66942,3.1406
1866,447,1.875,1.0456,3.3621
1867,447,1.875,1.0456,3.3621
1868,448,0.1675,0.062598,0.25432
1869,448,0.1575,0.057221,0.24939
1870,449,0.795,0.37348,1.551
1871,449,0.795,0.37348,1.551
1872,450,0.69,0.28443,1.323
1873,450,0.78,0.32991,1.4088
1874,450,0.9,0.35913,1.4867
1875,450,0.84,0.35715,1.3938
1876,450,0.765,0.34834,1.326
1877,450,1.02,0.3808,1.6052
1878,451,0.1575,0.053351,0.2473
1879,451,0.15083,0.05479,0.24753
1880,452,0.39,0.10915,1.0323
1881,452,0.41667,0.12181,1.0384
1882,452,0.47,0.16912,1.1004
1883,453,0.615,0.23625,1.1932
1884,453,0.595,0.22056,1.2191
1885,453,0.705,0.24956,1.2722
1886,454,0.78875,0.34288,1.4815
1887,454,0.68,0.32305,1.2553
1888,454,0.59,0.28261,1.2115
1889,455,0.435,0.16395,1.1715
1890,455,0.465,0.15126,1.1537
1891,456,0.42,0.12707,0.95731
1892,456,0.485,0.16254,1.0321
1893,457,0.45,0.14986,1.0182
1894,457,0.46,0.13395,1.028
1895,458,0.49083,0.10982,1.0619
1896,458,0.47,0.18481,1.0928
1897,459,1.775,0.31154,2.1552
1898,459,1.775,0.31154,2.1552
1899,459,0.795,0.2987,1.4159
1900,459,0.795,0.2987,1.4159
1901,460,1.625,0.58745,2.1724
1902,460,1.375,0.5894,1.9549
1903,460,1.125,0.59135,1.7374
1904,460,0.825,0.42607,1.4911
1905,461,3,2,4
1906,461,3,2,4
1907,462,3.3,2.4,4.2
1908,462,3.3,2.4,4.2
1909,463,0.295,0.086394,0.58299
1910,463,0.29167,0.090258,0.57643
1911,463,0.297,0.098949,0.58461
1912,463,0.325,0.11497,0.60889
1913,464,2.7,2.05,3.4
1914,464,2.7,2.05,3.4
1915,465,2.7,2.05,3.4
1916,465,2.7,2.05,3.4
1917,466,0.285,0.093499,1.4195
1918,466,0.435,0.17565,1.5182
1919,466,0.435,0.17047,1.4246
1920,466,0.465,0.17913,1.4114
1921,466,0.465,0.18463,1.4111
1922,466,0.48,0.18703,1.4526
1923,466,0.525,0.1926,1.4813
1924,466,0.555,0.19388,1.4974
1925,467,0.615,0.2472,1.2133
1926,467,0.595,0.22678,1.2667
1927,467,0.615,0.24479,1.2648
1928,468,0.6,0.2383,1.2474
1929,468,0.555,0.19372,1.1864
1930,468,0.6075,0.25014,1.2162
1931,469,0.585,0.19126,1.1924
1932,469,0.585,0.2171,1.1995
1933,469,0.5475,0.20873,1.1485
1934,469,0.675,0.23146,1.249
1935,470,0.825,0.28944,1.4297
1936,470,0.717,0.28233,1.2635
1937,470,0.67875,0.2485,1.2237
1938,470,0.63,0.25186,1.2404
1939,471,1,0.5,1.5
1940,471,1,0.5,1.5
1941,471,0.795,0.3416,1.5886
1942,471,1.065,0.49577,1.6619
1943,471,1.155,0.5054,1.9787
1944,471,1.395,0.65178,2.1026
1945,472,1.85,0.46961,4.6274
1946,472,1.85,0.46961,4.6274
1947,472,4,2.5,5.5
1948,472,4,2.5,5.5
1949,472,4,2.5,5.5
1950,472,4,2.5,5.5
1951,472,4,2.5,5.5
1952,472,4,2.5,5.5
1953,472,4,2.5,5.5
1954,472,4,2.5,5.5
1955,472,4,2.5,5.5
1956,472,4,2.5,5.5
1957,472,4,2.5,5.5
1958,473,0.5,0.2,0.8
1959,473,0.5,0.2,0.8
1960,473,0.5,0.2,0.8
1961,473,0.5,0.2,0.8
1962,474,1,0.5,1.5
1963,474,1,0.5,1.5
1964,474,1,0.5,1.5
1965,474,1,0.5,1.5
1966,474,1,0.5,1.5
1967,474,1,0.5,1.5
1968,474,1,0.5,1.5
1969,474,1,0.5,1.5
1970,474,1,0.5,1.5
1971,474,1,0.5,1.5
1972,474,1,0.5,1.5
1973,474,1,0.5,1.5
1974,474,1,0.5,1.5
1975,474,1,0.5,1.5
1976,475,1,0.5,1.5
1977,475,1,0.5,1.5
1978,475,1,0.5,1.5
1979,475,1,0.5,1.5
1980,476,0.645,0.27362,1.2841
1981,476,0.645,0.27362,1.2841
1982,476,0.45,0.16067,1.0902
1983,476,0.45,0.16067,1.0902
1984,477,2,1,3
1985,477,2,1,3
1986,477,2,1,3
1987,477,2,1,3
1988,478,2.85,1.7378,5.1849
1989,478,2.85,1.7378,5.1849
1990,479,1.05,0.42825,4.6518
1991,479,1.05,0.42825,4.6518
1992,480,1.975,1.1659,3.2499
1993,480,1.975,1.1659,3.2499
1994,481,3.55,1.8882,5.2782
1995,481,1.65,0.86568,5.0654
1996,482,0.585,0.20119,1.2904
1997,482,0.735,0.32062,1.4757
1998,483,2.3,1.75,2.9
1999,483,2.3,1.75,2.9
2000,484,4.1,3.1,5.15
2001,484,4.1,3.1,5.15
2002,484,4.1,3.1,5.15
2003,485,2.475,1.6787,3.4607
2004,485,2.835,2.1858,3.583
2005,486,0.38,0.12164,0.93392
2006,486,0.445,0.14591,0.96136
2007,486,0.59,0.20845,1.1148
2008,486,0.56333,0.19438,1.0826
2009,486,0.57667,0.20211,1.0816
2010,486,0.51,0.18094,1.0457
2011,486,0.48,0.16371,1.0097
2012,486,0.41,0.12051,0.91711
2013,486,0.33,0.10695,0.90318
2014,486,0.41,0.1262,0.96537
2015,487,2.175,1.4759,3.4514
2016,487,2.175,1.4759,3.4514
2017,487,1.875,1.1041,3.4626
2018,487,1.875,1.1041,3.4626
2019,488,3.25,2.1486,4.9983
2020,488,3.25,2.1486,4.9983
2021,488,2.725,1.73,3.6361
2022,488,2.725,1.73,3.6361
2023,489,0.41,0.14549,0.74336
2024,489,0.51,0.16551,0.78915
2025,489,0.52,0.17058,0.80298
2026,489,0.51,0.18528,0.83895
2027,489,0.57,0.19157,0.86169
2028,490,0.36333,0.11257,0.69222
2029,490,0.35,0.11683,0.69597
2030,491,0.35,0.12648,0.9581
2031,491,0.49,0.14954,1.0459
2032,492,1.075,0.7631,3.0615
2033,492,1.075,0.7631,3.0615
2034,493,1.9,0.83796,2.6676
2035,493,2.225,0.88542,2.931
2036,493,2,0.89141,2.7409
2037,493,1.455,0.72987,2.2379
2038,493,1.335,0.70975,2.0643
2039,493,1.5,0.82504,2.1913
2040,493,1.605,0.87886,2.2169
2041,493,1.395,0.8118,1.9957
2042,493,1.365,0.71834,2.0797
2043,494,0.765,0.33916,1.531
2044,494,0.795,0.3699,1.5403
2045,494,0.855,0.37464,1.5153
2046,494,0.855,0.40957,1.5426
2047,494,0.885,0.47847,1.5852
2048,494,0.885,0.3815,1.6067
2049,495,0.405,0.13618,1.4115
2050,495,0.675,0.22822,1.5869
2051,496,0.825,0.24235,1.6247
2052,496,0.915,0.23929,1.6559
2053,497,0.33,0.08414,0.64523
2054,497,0.33,0.090706,0.66191
2055,497,0.29,0.089853,0.66476
2056,498,0.47,0.15599,1.0117
2057,498,0.55,0.21234,1.1078
2058,498,0.634,0.23447,1.2205
2059,498,0.64125,0.23599,1.1634
2060,498,0.717,0.22991,1.1954
2061,498,0.474,0.20449,1.048
2062,499,0.765,0.32031,1.4498
2063,499,1.035,0.50568,1.6862
2064,499,0.99,0.51465,1.6828
2065,499,1.035,0.57126,1.7163
2066,499,0.945,0.51637,1.6724
2067,499,1.11,0.56059,1.7762
2068,499,1.275,0.60482,1.88
2069,500,0.975,0.41516,1.581
2070,500,0.78,0.35083,1.4855
2071,500,1.045,0.45682,1.9506
2072,500,1.2417,0.51119,2.2349
2073,500,1.575,0.51351,2.5701
2074,501,1.115,0.5572,1.7873
2075,501,1.125,0.5699,1.7848
2076,501,1.125,0.61393,1.816
2077,501,1.275,0.71024,2.0082
2078,501,1.535,0.77036,2.1704
2079,501,1.485,0.70621,2.1401
2080,501,2.075,0.83742,2.7858
2081,501,2.125,0.84393,2.9556
2082,502,1.125,0.56158,2.6382
2083,502,1.025,0.62586,2.5422
2084,502,0.875,0.48378,2.4455
2085,502,0.975,0.55454,2.5262
2086,503,0.38,0.13241,0.95187
2087,503,0.39,0.13562,0.95699
2088,503,0.39,0.13106,0.9762
2089,504,0.675,0.30396,1.2831
2090,504,0.645,0.24881,1.2821
2091,504,0.615,0.19366,1.281
2092,505,0.675,0.26414,2.4557
2093,505,0.425,0.15035,2.2643
2094,505,0.425,0.15447,2.2132
2095,505,0.325,0.11768,2.2371
2096,505,0.575,0.19867,2.05
2097,505,0.9,0.31386,1.9045
2098,506,7.65,5.7641,9.7764
2099,506,6.5,4.0188,9.3258
2100,506,6,3.4544,9.1397
2101,506,2.1,1.9404,8.7714
2102,506,3.6,2.6511,8.8938
2103,506,5.525,3.8737,9.0842
2104,507,4.4333,2.6639,8.0362
2105,507,2.7,2.5204,7.8343
2106,507,4.95,3.5475,7.6068
2107,507,4.15,3.5877,7.095
2108,508,5.65,3.3056,6.6484
2109,508,5.45,3.2527,6.4029
2110,508,5.05,2.9407,6.0307
2111,508,4.85,2.6816,5.9041
2112,508,4.45,2.5152,5.8606
2113,509,6.1,5.3904,10.49
2114,509,6,5.2411,10.551
2115,509,5.9,5.0917,10.612
2116,510,0.435,0.17981,1.3456
2117,510,0.435,0.17981,1.3456
2118,511,4.075,3.1458,5.2799
2119,511,4.825,3.7012,5.5084
2120,511,4.7,3.6048,5.4446
2121,511,4.575,3.5083,5.3808
2122,511,4.825,3.7274,5.4191
2123,511,4.575,3.7545,5.4118
2124,511,4.695,4.0225,5.4149
2125,511,4.635,3.969,5.391
2126,511,4.575,3.9155,5.3671
2127,511,4.905,4.2126,5.5672
2128,511,5.085,4.2795,5.7111
2129,512,1.45,0.83415,4.5667
2130,512,2.15,1.4222,4.4783
2131,513,4.175,2.9762,5.1117
2132,513,4.175,2.9762,5.1117
2133,514,0.41,0.12894,0.76808
2134,514,0.39,0.13656,0.72982
2135,514,0.38,0.12735,0.74349
2136,515,0.37,0.11918,0.70874
2137,515,0.35,0.097942,0.67598
2138,516,0.35,0.098058,0.67127
2139,516,0.35,0.098058,0.67127
2140,517,0.35,0.098394,0.67729
2141,517,0.31,0.092701,0.67029
2142,517,0.3,0.092899,0.66858
2143,517,0.35,0.10264,0.6873
2144,518,0.255,0.078892,1.045
2145,518,0.255,0.078892,1.045
2146,519,0.165,0.070705,1.1836
2147,519,0.165,0.070705,1.1836
2148,520,0.51,0.15695,1.0943
2149,520,0.48,0.1506,1.0377
2150,520,0.45,0.14424,0.98118
2151,520,0.51,0.15945,1.0715
2152,520,0.5025,0.16839,1.0935
2153,520,0.495,0.17732,1.1155
2154,520,0.525,0.20236,1.1635
2155,520,0.6,0.21036,1.201
2156,520,0.675,0.21836,1.2386
2157,520,0.525,0.19036,1.2051
2158,521,0.735,0.25475,1.3561
2159,521,0.735,0.2547,1.33
2160,521,0.735,0.25465,1.304
2161,521,0.765,0.28995,1.3348
2162,521,0.795,0.32526,1.3656
2163,521,0.795,0.32439,1.4869
2164,521,0.825,0.32549,1.4773
2165,521,0.855,0.32659,1.4678
2166,521,0.945,0.36961,1.8336
2167,522,0.645,0.24353,1.3607
2168,522,0.6,0.23085,1.2791
2169,522,0.56667,0.21373,1.1708
2170,522,0.59,0.20484,1.1173
2171,522,0.462,0.17372,1.0434
2172,522,0.48333,0.16691,1.0589
2173,523,0.57667,0.21551,1.1549
2174,523,0.57,0.21015,1.1428
2175,523,0.61,0.2198,1.1124
2176,523,0.63,0.23172,1.2087
2177,523,0.705,0.23318,1.3304
2178,524,0.495,0.18148,1.1333
2179,524,0.495,0.18148,1.1333
2180,524,0.4325,0.14864,1.0819
2181,524,0.37,0.11579,1.0305
2182,524,0.37,0.11579,1.0305
2183,525,0.3175,0.10585,0.6563
2184,525,0.33,0.11103,0.63693
2185,525,0.3425,0.10528,0.68602
2186,525,0.4,0.12915,0.76653
2187,525,0.47,0.15606,0.80362
2188,525,0.48,0.16001,0.79784
2189,526,0.41,0.13676,0.87042
2190,526,0.41,0.1391,0.92112
2191,527,0.35,0.099864,0.67791
2192,527,0.35,0.099864,0.67791
2193,527,0.33,0.10597,0.68095
2194,527,0.2975,0.094982,0.65937
2195,527,0.265,0.083991,0.63779
2196,527,0.35,0.11379,0.70019
2197,527,0.38,0.12446,0.72005
2198,527,0.41,0.13513,0.73992
2199,528,3.75,2.4465,6.4502
2200,528,3.75,2.4465,6.4502
2201,529,1.95,1.4018,5.0674
2202,529,1.95,1.4018,5.0674
2203,530,1.75,1.3347,4.9961
2204,530,1.75,1.3347,4.9961
2205,531,1.85,1.3108,4.5246
2206,531,1.95,1.4253,4.5796
2207,531,1.65,1.2612,4.6543
2208,532,0.35,0.26868,2.7801
2209,532,0.35,0.26868,2.7801
2210,533,4.975,4.1585,5.9633
2211,533,4.875,4.1927,5.9438
2212,533,4.975,4.1581,5.8957
2213,533,4.725,4.0483,5.8983
2214,533,4.575,4.002,5.9116
2215,534,1.15,0.40564,3.166
2216,534,1.15,0.40564,3.166
2217,535,1.75,1.0024,3.9482
2218,535,0.45,0.25253,3.6371
2219,535,0.75,0.2549,3.6058
2220,536,2.9167,1.5868,5.3036
2221,536,2.65,1.2485,5.2737
2222,536,2.15,1.0072,5.1168
2223,537,0.41,0.14371,0.75004
2224,537,0.51667,0.17328,0.805
2225,537,0.48,0.17243,0.80203
2226,538,2,0,10
2227,538,2,0,10
2228,538,2,0,10
2229,538,2,0,10
2230,538,2,0,10
2231,538,2,0,10
2232,538,2,0,10
2233,538,2,0,10
2234,538,2,0,10
2235,538,2,0,10
2236,539,0.1525,0.047676,0.23968
2237,539,0.15,0.049946,0.24267
2238,539,0.15417,0.057016,0.25203
2239,539,0.1575,0.057118,0.25259
2240,540,2.6,1.95,3.25
2241,540,2.6,1.95,3.25
2242,541,1.425,0.88609,2.8622
2243,541,1.325,0.81905,2.7578
2244,541,0.825,0.38533,2.6449
2245,541,0.725,0.31527,2.632
2246,541,0.775,0.32361,2.6705
2247,541,1.05,0.46092,2.7405
2248,541,1.125,0.51542,2.9463
2249,542,1.575,0.9516,2.8443
2250,542,1.7,0.99053,2.8818
2251,542,1.725,0.88269,2.8654
2252,542,0.725,0.48332,2.726
2253,542,0.35,0.15212,2.7709
2254,542,0.725,0.49123,2.8904
2255,543,0.675,0.3594,2.2121
2256,543,0.675,0.3594,2.2121
2257,543,1.125,0.83768,2.3019
2258,543,1.125,0.83768,2.3019
2259,544,0.53,0.1827,1.0574
2260,544,0.49833,0.18706,1.1349
2261,544,0.5525,0.21535,1.1104
2262,544,0.56,0.22912,1.0812
2263,544,0.58,0.23005,1.1205
2264,544,0.55,0.21393,1.0921
2265,544,0.5475,0.20426,1.1185
2266,544,0.52333,0.17212,1.0339
2267,544,0.54833,0.18871,1.1088
2268,545,0.59,0.19144,1.112
2269,545,0.23,0.082916,0.98295
2270,546,0.225,0.071978,1.8941
2271,546,1.5,0.5,2.5
2272,546,1.5,0.5,2.5
2273,546,1.5,0.5,2.5
2274,546,1.5,0.5,2.5
2275,546,1.5,0.5,2.5
2276,546,1.5,0.5,2.5
2277,546,1.5,0.5,2.5
2278,546,1.5,0.5,2.5
2279,547,1.175,0.56804,2.3679
2280,547,1.175,0.56804,2.3679
2281,547,0.825,0.34475,2.2657
2282,547,0.475,0.12145,2.1634
2283,547,0.475,0.12145,2.1634
2284,547,0.625,0.23366,1.9395
2285,547,0.625,0.23366,1.9395
2286,547,0.4,0.14964,1.7483
2287,547,0.175,0.065632,1.557
2288,547,0.175,0.065632,1.557
2289,547,0.175,0.052338,1.5494
2290,548,0.195,0.080821,1.1108
2291,548,0.195,0.080821,1.1108
2292,549,0.6,0.20894,1.2537
2293,549,0.69,0.26396,1.2932
2294,549,0.705,0.27997,1.3294
2295,549,0.735,0.29483,1.3795
2296,549,0.735,0.29463,1.4041
2297,549,0.705,0.2808,1.402
2298,550,1.065,0.37878,1.7211
2299,550,0.975,0.38071,2.0182
2300,550,0.975,0.38227,1.7197
2301,550,0.795,0.30498,1.4481
2302,550,0.885,0.33713,1.5176
2303,550,0.735,0.30232,1.4056
2304,550,0.753,0.27278,1.3676
2305,550,0.745,0.26894,1.3499
2306,550,0.685,0.24891,1.2812
2307,550,0.585,0.18711,1.1526
2308,550,0.48,0.15534,1.1387
2309,551,0.585,0.1842,1.2165
2310,551,0.165,0.058016,1.092
2311,552,0.68125,0.23918,1.2617
2312,552,0.65875,0.24431,1.2161
2313,552,0.675,0.25574,1.2374
2314,553,2.825,1.9933,4.5987
2315,553,2.875,1.7308,3.8131
2316,553,2.8083,1.8119,3.6655
2317,553,2.775,1.8525,3.5918
2318,554,1.525,0.8887,2.7393
2319,554,0.975,0.19603,2.6682
2320,555,0.235,0.095148,0.66644
2321,555,0.25167,0.089342,0.65508
2322,555,0.285,0.07773,0.63236
2323,556,0.25,0.071031,0.83974
2324,556,0.45,0.15072,1.0388
