%slip deficit rates and upper and lower 95 confidence bounds (mm/yr) for subsections in model:  crustal CFM 0.9 SansTVZ Stirling 2010 depths
%columns indicate:  sectionId, parentSectionId, slip deficit rate (most probable rate), lower 95 confidence level, upper 95 confidence level 
%xml files for subsection definitions: https://github.com/GNS-Science/nzshm-opensha/issues/27
0,0,0.705,0.28613,1.3061
1,0,0.705,0.28613,1.3061
2,1,0.45,0.16225,1.0546
3,1,0.528,0.21267,1.1999
4,1,0.735,0.25348,1.3753
5,2,0.1275,0.039604,0.23118
6,2,0.1275,0.039604,0.23118
7,3,1.065,0.55155,1.8216
8,3,1.065,0.55155,1.8216
9,4,0.55,0.2253,3.5672
10,4,0.55,0.17006,3.3265
11,4,0.55,0.18046,3.4017
12,5,0.23,0.21,0.32
13,5,0.35,0.26,0.57
14,5,0.4,0.31,0.65
15,5,0.02,0.01,0.03
16,5,0.02,0.01,0.03
17,5,0.14,0.1,0.24
18,5,0.4,0.1,0.4
19,5,0.4,0.1,0.4
20,5,0.4,0.1,0.4
21,6,0.17,0.12,0.23
22,6,0.35,0.21,0.49
23,6,0.43,0.39,0.72
24,6,0.4,0.1,0.4
25,6,0,0,0
26,6,0,0,0
27,6,0.3,0.2,0.4
28,6,0.1,0.05,0.14
29,6,0.1,0.005,0.2
30,7,0.15,0.054455,0.84233
31,7,0.34,0.12098,0.94383
32,8,0.13,0.1,0.16
33,8,0.34,0.2,0.49
34,8,0.8,0.6,1
35,8,0.03,0.02,0.04
36,8,0.65,0.43,0.87
37,8,0.17,0.13,0.21
38,8,0.02,0.02,0.02
39,8,0.04,0.02,0.1
40,8,0.19,0.05,0.19
41,8,0.2,0.1,0.3
42,9,0.16,0.1,0.3
43,9,0.07,0.01,0.13
44,9,0.5,0.2,0.8
45,9,0.03,0.01,0.05
46,9,0.05,0.04,0.07
47,10,0.43,0.12864,0.98752
48,10,0.45,0.14682,0.98333
49,10,0.6525,0.21199,1.2449
50,10,0.795,0.25004,1.4742
51,11,1.225,0.74222,3.0929
52,11,1.525,0.5985,3.0689
53,12,0.85,0.42086,3.5185
54,12,0.85,0.42086,3.5185
55,13,21.25,12.44,28.919
56,13,20.75,12.098,28.83
57,14,24.75,13.319,27.343
58,14,24.583,13.441,27.269
59,14,24.25,13.684,27.122
60,15,8.3,3.9296,10.605
61,15,8.7,4.1013,10.596
62,16,17.55,11.843,20.264
63,16,16.95,11.661,20.381
64,17,25.917,17.255,31.209
65,17,26.25,17.728,30.128
66,17,26.4,18.18,29.537
67,17,26.775,18.41,28.249
68,17,26.85,18.551,27.958
69,17,28.35,20.597,30.179
70,17,26.55,20.461,29.629
71,17,26.513,21.633,29.664
72,17,29.1,22.58,29.609
73,17,24.7,23.772,30.131
74,17,25.1,23.75,30.394
75,18,24.9,22.26,28.697
76,18,23.5,22.849,28.713
77,18,25.3,23.844,29.059
78,18,24.9,23.745,29.146
79,18,24.5,23.561,29.415
80,18,24.7,23.666,29.499
81,18,24.9,23.771,29.584
82,18,27.55,26.634,29.816
83,18,29.25,27.678,30.694
84,18,29.55,27.896,31.941
85,18,29.35,28.271,32.425
86,18,29.225,28.29,32.823
87,18,29.1,28.31,33.22
88,18,28.7,27.725,33.134
89,18,28.65,26.88,30.785
90,18,27.95,25.639,29.098
91,18,25.15,24.154,28.562
92,18,24.425,23.537,28.248
93,18,23.7,22.921,27.934
94,18,23.7,22.099,27.79
95,18,22.1,20.668,27.584
96,19,12.45,11.727,15.161
97,19,14.95,13.571,17.881
98,19,14.95,13.571,17.881
99,19,15.55,13.847,18.374
100,19,18.7,14.232,19.249
101,19,18.275,14.226,18.88
102,19,17.85,14.219,18.511
103,19,16.55,14.197,18.631
104,19,15.475,13.996,16.753
105,19,12.7,9.7129,14.962
106,20,20.55,12.508,22.139
107,20,20.55,12.508,22.139
108,21,0.75,0.55,0.95
109,21,3.45,2.0706,10.008
110,22,0.45,0.35,0.55
111,22,0.7,0.55,0.9
112,22,0.75,0.55,0.95
113,22,1.1,0.85,1.4
114,22,1.4,1.1,1.85
115,22,8.5,7.8003,21.199
116,23,1.1,0.85,1.4
117,23,4.1,3.1,5.15
118,23,1.1,0.8,1.4
119,23,2,1.5,2.5
120,23,1.25,0.95,1.55
121,23,0.6,0.45,0.75
122,23,0.25,0.2,0.35
123,23,2.75,2.05,3.4
124,24,7.275,4.4227,9.1135
125,24,5.5875,4.2181,7.5016
126,24,3.8125,2.9327,5.7504
127,24,4.55,3.5738,5.9333
128,24,6.05,4.2588,6.9528
129,24,5.675,4.1962,6.6603
130,24,5.125,3.9679,6.2903
131,25,0.425,0.15991,2.3739
132,25,0.45,0.17453,2.408
133,25,0.825,0.34687,2.488
134,25,1.175,0.50459,2.5338
135,25,0.975,0.4539,2.6964
136,25,1.325,0.77613,3.1005
137,26,2.7,2.05,3.4
138,26,2.6,1.95,3.25
139,26,0.1,0.05,0.3
140,26,1.5,0.5,1.9
141,26,0.25,0.2,0.3
142,26,1.1,0.95,1.4
143,26,1.2,0.93,1.56
144,26,1.7,1.3,2.2
145,26,2.3,1.7,2.9
146,26,0.1,0.05,0.35
147,27,0.7,0.4,0.85
148,27,0.3,0.1,0.5
149,27,0.2,0.1,0.4
150,27,0.6,0.3,0.8
151,27,1.1,0.81,1.35
152,27,0.05,0.04,0.07
153,27,0.42,0.32,0.53
154,27,1,0.75,1.25
155,27,0.8,0.4,1.4
156,27,0.9,0.8,1.05
157,28,0.125,0.048985,1.6782
158,28,0.125,0.048985,1.6782
159,29,0.0975,0.032383,0.16082
160,29,0.0975,0.032383,0.16082
161,30,0.3,0.088522,5.1379
162,30,0.3,0.084759,5.3838
163,30,0.3,0.080995,5.6297
164,31,0.15,0.054655,4.5138
165,31,0.25,0.081546,4.7289
166,31,0.1,0.050245,4.5883
167,32,0.425,0.11788,2.5333
168,32,0.425,0.13052,2.5605
169,32,0.425,0.14317,2.5877
170,33,0.405,0.13268,1.1989
171,33,0.285,0.09851,1.2232
172,34,0.47,0.15658,0.85069
173,34,0.47,0.17576,0.8798
174,35,0.405,0.13754,1.4134
175,35,0.39,0.13069,1.4139
176,35,0.63,0.20513,1.4725
177,35,0.42,0.14185,1.3958
178,35,0.465,0.16042,1.3816
179,36,1.8,1.6,2
180,36,1.5,1.1,1.8
181,36,1,0.5,2.5
182,36,3.2,2.5,4
183,36,2,1,3
184,36,1.8,0.9,2.7
185,37,0.5,0.4,1
186,37,1.3,0.7,2.7
187,37,2.6,1.2,4
188,37,1.26,1.06,1.38
189,37,1.7,1.48,1.92
190,37,0.51,0.44,0.58
191,37,0.25,0.21,0.28
192,37,0.3,0.2,0.7
193,37,2.2,2,2.5
194,38,0.09,0.08,0.1
195,38,0.09,0.08,0.11
196,38,0.23,0.2,0.26
197,38,0.68,0.28,1.09
198,38,0.4,0.35,0.46
199,38,0.6,0.5,0.8
200,38,0.2,0.15,0.27
201,38,0.43,0.37,0.48
202,38,0.7,0.5,0.9
203,38,0.5,0.4,0.6
204,38,1.7,1.4,2
205,38,0.55,0.4,0.7
206,38,2.3,1.1,2.4
207,39,1.85,1.6667,6.181
208,39,3.3,1.8144,6.1742
209,39,4.75,1.962,6.1674
210,39,5.05,2.0633,6.2382
211,39,5.75,3.2283,6.594
212,39,5.05,2.5077,6.3083
213,39,5.05,2.5077,6.3083
214,39,4.55,1.9084,6.4136
215,40,3.05,0.97609,4.0071
216,40,2.85,1.0197,4.3824
217,41,3.45,2.9512,5.9366
218,41,4.275,3.7305,6.1803
219,41,5.175,4.3465,6.2882
220,41,5.4883,4.8085,6.2947
221,41,5.57,4.8515,6.3144
222,41,5.45,4.6994,6.2519
223,41,5.625,4.8968,6.3667
224,41,5.525,4.5757,6.2643
225,41,5.125,4.4017,6.3001
226,42,1.8,1.3,2.3
227,42,0.6,0.3,0.9
228,42,0.18,0.15,0.33
229,42,0.17,0.14,0.31
230,42,0.14,0.11,0.17
231,42,0.21,0.18,0.24
232,43,0.5,0.4,0.6
233,43,0.7,0.5,1
234,43,0.2,0.1,0.5
235,43,0,0,0
236,43,0.48,0.38,0.59
237,43,2.9,2.1,3.8
238,43,0,0,0
239,44,0.35,0.1134,0.69822
240,44,0.35,0.12849,0.72134
241,45,0.225,0.07351,1.194
242,45,0.225,0.07351,1.194
243,46,0.915,0.40454,1.6761
244,46,0.735,0.30102,1.3993
245,47,0.68,0.49,0.87
246,47,0.2,0.1,0.5
247,47,0.63,0.3,0.7
248,47,0.2,0.18,1.53
249,48,0.38,0.13723,0.73003
250,48,0.36333,0.12913,0.74267
251,48,0.42,0.13913,0.74599
252,48,0.39,0.10257,0.67612
253,48,0.47,0.19279,0.81659
254,49,0.37,0.1092,0.69019
255,49,0.4,0.12058,0.71191
256,50,0.37,0.13829,0.73503
257,50,0.37,0.12289,0.70026
258,50,0.37,0.12993,0.71258
259,51,0.915,0.32475,1.7543
260,51,0.495,0.26839,1.757
261,51,0.735,0.37662,1.7608
262,52,0.7,0.5,0.9
263,52,0.7,0.5,0.9
264,52,1.1,0.7,1.5
265,52,1.1,0.7,1.5
266,52,1.1,0.7,1.5
267,52,2.2,1.3,3.1
268,53,0.17,0.047749,0.80558
269,53,0.17,0.047749,0.80558
270,54,0.67,0.19631,1.1154
271,54,0.34,0.10704,0.9764
272,54,0.265,0.097979,0.95613
273,54,0.37,0.16005,1.0343
274,55,0.4,0.13142,0.72672
275,55,0.39667,0.13126,0.72195
276,55,0.41,0.13562,0.74536
277,56,0.39,0.096343,0.89909
278,56,0.405,0.16794,1.5069
279,57,0.45,0.15664,0.7471
280,57,0.39,0.13754,0.73464
281,58,0.43,0.17034,0.91558
282,58,0.4,0.1518,0.87788
283,58,0.33,0.11376,0.83832
284,58,0.37,0.12389,0.87142
285,59,0.41625,0.1628,1.1031
286,59,0.498,0.18006,1.0956
287,60,0.495,0.17997,1.4267
288,60,0.495,0.17997,1.4267
289,61,4.85,3.879,7.9465
290,61,5.15,4.3064,8.0264
291,61,5.45,4.4177,8.1375
292,61,6.4,4.6016,8.2824
293,61,7.35,4.7854,8.4274
294,61,5.65,4.8922,8.4967
295,61,6.35,4.6569,8.4579
296,61,5.325,3.9742,8.5249
297,61,4.1,3.2577,8.4719
298,61,4.1,3.2577,8.4719
299,62,2.425,1.6043,4.2438
300,62,2.425,1.6043,4.2438
301,62,2.525,1.6447,4.1824
302,62,2.625,1.6852,4.121
303,63,0.46333,0.13216,0.80444
304,63,0.43,0.11272,0.8054
305,63,0.39,0.09573,0.7847
306,63,0.35,0.099815,0.74692
307,63,0.33,0.0706,0.75479
308,64,0.495,0.3996,1.7262
309,64,0.525,0.31976,1.5842
310,64,0.395,0.16657,1.3243
311,64,0.075,0.019861,1.0886
312,65,0.65,0.22434,1.1023
313,65,0.65,0.22434,1.1023
314,65,0.07,0.029649,0.91715
315,65,0.07,0.029649,0.91715
316,66,0.5,0.25,0.75
317,66,1.5,1,3
318,67,2.975,2.0484,3.825
319,67,2.6,1.6762,3.7092
320,67,2.225,1.3041,3.5933
321,68,0.37,0.11472,0.68398
322,68,0.35667,0.114,0.68672
323,68,0.33,0.11255,0.69219
324,69,0.435,0.14865,1.1952
325,69,0.435,0.14865,1.1952
326,70,0.435,0.13273,1.0775
327,70,0.435,0.13273,1.0775
328,71,0.405,0.13509,1.153
329,71,0.445,0.13866,1.1081
330,71,0.495,0.1539,1.127
331,71,0.495,0.16345,1.159
332,71,0.405,0.15172,1.131
333,72,0.85,0.46377,3.0789
334,72,0.78333,0.41244,3.035
335,72,0.7,0.34837,2.8383
336,72,0.5375,0.25036,2.3511
337,72,0.55,0.2346,2.1878
338,72,0.8625,0.35148,2.6914
339,72,1.25,0.44113,3.1041
340,72,1.95,0.46188,3.7518
341,73,0.495,0.15619,1.4649
342,73,0.63,0.21421,1.4678
343,73,0.5475,0.19138,1.4219
344,73,0.555,0.1737,1.4127
345,73,0.795,0.21555,1.6078
346,73,1.175,0.52513,2.9345
347,73,1.3917,0.51633,2.9857
348,73,1.7875,0.55049,3.4918
349,73,1.7,0.55742,3.7249
350,73,1.55,0.54355,3.6059
351,74,0.405,0.14209,1.195
352,74,0.4275,0.16461,1.4254
353,74,0.395,0.1588,1.5261
354,74,0.535,0.2091,1.4001
355,74,0.53167,0.20471,1.6256
356,74,0.425,0.23038,1.8249
357,75,0.37,0.12389,0.7252
358,75,0.295,0.073638,0.63332
359,76,1.3583,0.59158,2.9167
360,76,2.175,1.3686,2.9609
361,76,2.275,1.2614,3.0853
362,76,2.075,0.98884,2.7936
363,76,1.975,1.3063,2.9245
364,76,2,1.2543,2.9445
365,76,1.6917,0.90143,2.7102
366,76,0.775,0.28333,2.5193
367,77,0.05,0.02,0.1
368,77,0,0,0
369,77,0.4,0.2,0.6
370,78,0.3,0.05,0.5
371,78,1,0.5,1.5
372,78,0,0,0
373,78,1.5,1,2
374,78,2.5,1.5,3.5
375,78,0.2,0.05,0.5
376,78,1,0.7,1.3
377,78,0.2,0.1,0.3
378,78,1,0.5,1.5
379,78,2,1,3
380,79,1,0.5,1.5
381,79,1,0.5,1.5
382,79,2,1,3
383,80,1,0.5,1.5
384,80,1,0.5,1.5
385,80,1.5,1,2
386,80,3,2,4
387,81,2.5,1.5,3.5
388,81,0.5,0.25,0.75
389,81,0,0,0
390,81,4,3,5
391,81,0.5,0.3,0.7
392,81,1,0.5,1.5
393,81,0.5,0.25,0.75
394,82,0.25,0.1,0.4
395,82,0.5,0.25,0.75
396,82,2.4,1.5,3
397,82,1.5,0.5,2.5
398,82,1.5,0.5,2
399,82,4,3,5
400,83,1,0.5,1.5
401,83,1,0.5,1.5
402,83,0.1,0.05,0.2
403,83,0.25,0.1,0.4
404,83,4,3,5
405,83,0.2,0.1,0.3
406,84,0.5,0.2,0.8
407,84,2,1,3
408,84,0.2,0.1,0.3
409,84,4,2.5,5.5
410,84,1.5,0.5,2.5
411,85,5,3,7
412,85,1,0.5,1.5
413,85,1.5,0.5,2.5
414,86,0.37,0.13791,0.71078
415,86,0.318,0.084922,0.64738
416,87,0.39,0.13059,0.93116
417,87,0.39,0.11778,0.95025
418,87,0.4275,0.12084,1.0134
419,87,0.465,0.1239,1.0766
420,88,0.3,0.1,0.5
421,88,0,0,0
422,88,0,0,0
423,88,0,0,0
424,88,0,0,0
425,88,1.5,0.5,2.5
426,88,1.5,0.5,2.5
427,88,1,0.5,1.5
428,88,0,0,0
429,89,2,1,3
430,89,0,0,0
431,90,1,0.5,1.5
432,90,0,0,0
433,91,0.35,0.095092,0.68477
434,91,0.303,0.089297,0.64172
435,91,0.3,0.08763,0.64324
436,91,0.29,0.095087,0.65768
437,92,2.275,0.95285,3.6755
438,92,1.8917,0.84358,3.4797
439,92,1.125,0.62503,3.0881
440,92,0.825,0.52336,2.917
441,92,0.825,0.52336,2.917
442,93,0.13,0.046651,0.87819
443,93,0.13,0.046651,0.87819
444,93,0.45,0.20469,0.93683
445,93,0.45,0.20469,0.93683
446,94,4.75,2.6386,5.4657
447,94,5.65,2.6752,6.3928
448,94,4.225,2.6588,4.9999
449,94,4.0583,2.4838,4.8788
450,94,3.525,2.5229,4.4936
451,95,2.3375,1.6889,4.3606
452,95,2.3875,1.774,4.4502
453,95,2.45,1.881,4.6219
454,95,3.625,2.5315,4.7128
455,95,3.625,2.5315,4.7128
456,95,3.725,2.8063,4.6486
457,96,5.65,2.6969,6.8246
458,96,5.55,2.6224,6.6215
459,96,5.45,2.7177,7.0709
460,96,4.25,2.7155,6.2754
461,96,4.25,2.522,7.1589
462,96,3.1833,2.0519,5.5494
463,96,1.85,1.0663,3.9097
464,97,0.765,0.29014,1.3044
465,97,0.6475,0.23693,1.2028
466,97,0.53,0.18373,1.1013
467,98,0.555,0.17641,1.2471
468,98,0.555,0.17641,1.2471
469,99,0.925,0.46382,2.7087
470,99,0.925,0.46382,2.7087
471,100,2.225,1.1198,3.3272
472,100,2.225,1.1198,3.3272
473,101,0.725,0.36447,2.624
474,101,0.725,0.36447,2.624
475,102,0.49,0.16644,1.0827
476,102,0.27,0.10491,0.93792
477,102,0.45,0.14348,1.0281
478,103,0.375,0.13425,1.627
479,103,0.35,0.099162,0.87686
480,104,1.6625,0.55713,3.2133
481,104,2.075,0.48363,3.0568
482,104,0.575,0.20532,2.7773
483,105,0.255,0.069942,1.0625
484,105,0.465,0.20703,1.5519
485,105,0.465,0.20703,1.5519
486,106,0.39,0.12588,0.71394
487,106,0.41,0.14119,0.74492
488,107,0.675,0.29485,1.2906
489,107,0.555,0.23447,1.5436
490,107,0.555,0.24481,1.6502
491,108,0.425,0.15416,1.6414
492,108,0.925,0.30739,2.0434
493,108,0.45833,0.15837,1.7438
494,108,0.225,0.083853,1.594
495,109,0.43,0.1372,1.0584
496,109,0.43,0.1372,1.0584
497,110,0.42,0.15058,0.76091
498,110,0.46333,0.17161,0.76463
499,110,0.398,0.14736,0.74025
500,111,0.735,0.31691,1.5719
501,111,0.78,0.32166,1.6763
502,111,0.827,0.33279,1.926
503,111,0.875,0.3471,2.2484
504,112,0.75,0.37542,1.2765
505,112,0.375,0.12815,1.5173
506,112,0.50833,0.26677,1.7408
507,112,0.775,0.41963,2.2331
508,112,0.975,0.50319,2.6138
509,113,1.85,1.1569,5.2332
510,113,1.85,1.1569,5.2332
511,114,0.575,0.22699,1.2436
512,114,0.69,0.26825,1.2957
513,114,0.765,0.31274,1.3508
514,115,0.051,0.017526,0.082479
515,115,0.05,0.017416,0.082108
516,115,0.049,0.017307,0.081737
517,116,0.375,0.10091,1.1264
518,116,0.45,0.13028,1.3471
519,116,0.705,0.24093,1.494
520,116,0.855,0.33016,1.5614
521,116,0.825,0.33812,1.7027
522,116,0.925,0.14577,1.5665
523,117,0.285,0.089714,1.3364
524,117,0.285,0.089714,1.3364
525,118,0.165,0.04945,1.1382
526,118,0.165,0.04945,1.1382
527,119,0.53,0.18815,0.82863
528,119,0.45,0.16441,0.79351
529,120,0.36,0.13627,0.73433
530,120,0.39,0.14533,0.7464
531,120,0.43667,0.15154,0.75263
532,121,0.695,0.26341,1.4584
533,121,0.51,0.193,1.2838
534,121,0.42,0.15368,1.2329
535,121,0.435,0.17044,1.2448
536,121,0.42,0.17447,1.2563
537,122,0.525,0.14981,1.2473
538,122,0.525,0.14981,1.2473
539,123,0.51,0.16929,1.0297
540,123,0.47,0.14396,0.99454
541,123,0.43,0.11863,0.95941
542,124,0.405,0.12135,1.1311
543,124,0.405,0.12135,1.1311
544,125,3.075,1.8401,4.3313
545,125,3.075,1.8401,4.3313
546,125,2.875,1.7935,3.524
547,125,2.875,1.7935,3.524
548,126,15,11.01,17.02
549,126,13.5,12.2,16.2
550,126,2.3,1.2,4.8
551,126,17.3,12.8,21.8
552,127,10.9,8.4,13.4
553,127,17.3,12.8,21.8
554,127,4.3,3.1,5.5
555,127,0,0,0
556,128,1.325,0.92202,2.8396
557,128,1.425,0.35044,2.7368
558,129,2.325,1.4431,4.125
559,129,2.325,1.4431,4.125
560,130,0.21,0.061192,0.62369
561,130,0.21,0.056557,0.63135
562,131,1.625,0.66615,2.3543
563,131,1.245,0.636,1.9998
564,131,1.6517,0.71732,2.35
565,131,1.775,0.7052,2.4584
566,131,1.675,0.71391,2.4423
567,132,0.62,0.30081,1.2369
568,132,0.76833,0.32425,1.3013
569,132,0.73875,0.33284,1.2759
570,132,0.55625,0.27825,1.2392
571,133,0.77,0.34063,1.2699
572,133,0.77833,0.3391,1.353
573,133,0.715,0.30827,1.4132
574,133,0.7575,0.28816,1.5706
575,134,3,1,4
576,134,0.3,0.1,0.5
577,135,0,0,0
578,135,23,20,26
579,135,2,1,3
580,135,0.5,0.25,1
581,136,1.5,1,2
582,136,2,1,3
583,137,20,18,22
584,137,1,0.5,1.5
585,137,0.5,0.3,1
586,138,0,0,0
587,138,0.7,0.5,0.9
588,139,0,0,0
589,139,0,0,0
590,139,0,0,0
591,139,2.3,1.2,4.8
592,139,6.4,4.4,8.4
593,139,13,9.7,16.3
594,139,1,0.5,1.7
595,140,0.375,0.18436,0.73301
596,140,0.3725,0.15333,0.71627
597,140,0.37,0.1223,0.69953
598,141,0.51,0.1655,1.0815
599,141,0.52,0.17587,1.0328
600,141,0.53,0.17002,1.0313
601,141,0.43667,0.15314,0.95497
602,141,0.41,0.14113,0.91294
603,141,0.43,0.13755,0.90906
604,141,0.35,0.090707,0.92947
605,142,0.405,0.11433,1.2254
606,142,0.445,0.15617,1.19
607,142,0.453,0.15819,1.1507
608,142,0.435,0.12983,1.1184
609,143,1.275,0.23042,2.5793
610,143,1.425,0.57976,2.548
611,143,1.275,0.54838,2.6411
612,143,1.5,0.51358,2.6223
613,144,0.285,0.13337,1.5511
614,144,0.555,0.22,1.5719
615,145,0.135,0.048444,1.3906
616,145,0.255,0.079127,1.4568
617,145,0.255,0.087955,1.4159
618,146,0.285,0.10428,1.2095
619,146,0.315,0.11653,1.2761
620,146,0.375,0.12673,1.2569
621,147,0.615,0.20858,1.374
622,147,0.585,0.17916,1.336
623,147,0.795,0.22847,1.517
624,147,0.645,0.24838,1.2698
625,148,0.4,0.13488,0.73811
626,148,0.42,0.14009,0.7432
627,148,0.41,0.13771,0.74302
628,148,0.4,0.12809,0.72439
629,149,0.4675,0.18578,1.0984
630,149,0.39667,0.14714,0.97463
631,149,0.42,0.13042,0.97295
632,149,0.45,0.16092,1.0422
633,149,0.55,0.17516,1.0543
634,149,0.44,0.16519,1.0087
635,149,0.46,0.17754,1.0565
636,149,0.49,0.19679,1.0813
637,149,0.46,0.1793,1.0785
638,149,0.47,0.18646,1.0684
639,150,1.08,0.41443,1.7134
640,150,0.705,0.26925,1.3138
641,150,0.775,0.34074,1.416
642,150,0.795,0.34685,1.4519
643,150,0.885,0.39218,1.5403
644,150,0.825,0.34316,1.7768
645,150,1.125,0.42618,1.9865
646,150,1.035,0.38739,1.8775
647,151,0.945,0.50939,1.6739
648,151,0.9,0.40534,1.6788
649,151,0.81,0.354,1.6161
650,151,0.285,0.23475,1.4632
651,152,0.795,0.30101,1.3498
652,152,0.795,0.30101,1.3498
653,153,0.3,0.08433,5.2788
654,153,0.5,0.18971,5.2663
655,153,0.8,0.32275,5.3919
656,153,0.7,0.24502,5.5425
657,154,0.45,0.12476,3.765
658,154,0.45,0.12946,3.8347
659,154,0.45,0.13416,3.9043
660,155,0.41,0.13518,0.96921
661,155,0.41,0.14842,1.0071
662,156,0.45,0.14113,1.0426
663,156,0.49,0.1624,1.0833
664,157,0.39,0.12507,0.72456
665,157,0.37,0.11818,0.6921
666,157,0.39667,0.13232,0.71721
667,158,0.43,0.14316,0.74409
668,158,0.41,0.13581,0.73161
669,158,0.47,0.16404,0.78027
670,159,0.33,0.085026,0.82055
671,159,0.35667,0.11421,0.95626
672,159,0.23,0.07345,0.80744
673,160,0.25,0.080058,0.65713
674,160,0.306,0.096923,0.67281
675,160,0.39,0.12222,0.69634
676,161,0.5475,0.19406,1.1591
677,161,0.5175,0.1967,1.1313
678,161,0.525,0.18343,1.1792
679,161,0.465,0.14651,1.1678
680,162,0.45333,0.16613,1.086
681,162,0.458,0.16153,1.0634
682,162,0.41,0.11475,0.98922
683,163,0.345,0.11513,0.58327
684,163,0.345,0.11513,0.58327
685,164,0.15,0.1,0.3
686,164,0.9,0.1,1.8
687,164,0,0,0
688,164,0.12,0.06,0.24
689,164,0.9,0.44,1.8
690,164,0.9,0.1,1.8
691,165,0.29,0.098823,0.67251
692,165,0.29,0.090906,0.67598
693,166,0.32833,0.089783,0.63363
694,166,0.275,0.070829,0.59276
695,166,0.275,0.079134,0.60121
696,167,0.47667,0.16218,1.0721
697,167,0.41,0.16217,1.0671
698,167,0.33,0.11122,0.98255
699,168,2.225,0.30315,2.7054
700,168,3.25,0.32036,3.7002
701,169,0.65,0.24296,4.5929
702,169,0.65,0.24296,4.5929
703,170,0.41,0.14153,1.0521
704,170,0.35,0.090255,0.98362
705,170,0.40333,0.12982,1.0256
706,170,0.43,0.14961,1.0466
707,171,0.495,0.16956,1.3448
708,171,0.495,0.16956,1.3448
709,171,0.825,0.24732,1.587
710,172,4.15,2.5571,5.9886
711,172,3.35,2.4408,5.6113
712,173,0.37,0.11921,0.70735
713,173,0.355,0.097691,0.64509
714,173,0.295,0.076191,0.64179
715,174,0.7125,0.22136,1.3068
716,174,0.51,0.15144,1.033
717,174,0.54,0.22836,1.3834
718,174,0.495,0.20476,1.4111
719,174,0.61,0.29082,1.0688
720,175,2.225,1.6454,3.8733
721,175,2.225,1.6454,3.8733
722,176,1.225,0.68938,3.0118
723,176,1.375,0.76232,2.5978
724,176,1.375,0.76232,2.5978
725,176,1.635,0.79176,2.3087
726,176,1.485,0.75968,2.2341
727,177,0.85,0.29348,1.9766
728,177,0.675,0.27886,1.5244
729,177,0.675,0.2892,2.5394
730,177,0.65,0.26441,1.8884
731,177,0.575,0.22749,1.919
732,177,0.375,0.16015,1.7919
733,178,0.47,0.19901,0.93975
734,178,0.322,0.10162,0.83804
735,178,0.49,0.16181,0.91777
736,178,0.43,0.15063,0.88928
737,178,0.37667,0.13645,0.87413
738,178,0.46,0.15987,0.97702
739,179,0.255,0.065124,0.62521
740,179,0.25,0.067473,0.6278
741,179,0.19,0.061536,0.63015
742,180,0.25,0.085962,0.88014
743,180,0.22,0.073232,0.78277
744,180,0.25667,0.078366,0.813
745,181,0.255,0.07598,1.1635
746,181,0.255,0.07598,1.1635
747,182,0.255,0.07598,1.1635
748,182,0.255,0.07598,1.1635
749,183,0.435,0.12451,1.1539
750,183,0.435,0.12451,1.1539
751,184,0.405,0.11372,1.0613
752,184,0.405,0.11372,1.0613
753,185,0.29,0.097108,1.0225
754,185,0.29,0.097108,1.0225
755,186,1.65,0.81018,3.5661
756,186,1.6583,0.79636,3.5051
757,186,1.6333,0.8062,3.6557
758,186,1.55,0.88118,4.2009
759,187,0.33,0.097033,0.66449
760,187,0.275,0.080073,0.64391
761,187,0.2775,0.081849,0.64068
762,188,0.645,0.26384,1.4613
763,188,0.655,0.25426,1.3894
764,188,0.675,0.2351,1.2455
765,188,0.525,0.16677,1.1296
766,188,0.525,0.16677,1.1296
767,189,0.47667,0.16939,0.78586
768,189,0.46,0.15977,0.77492
769,189,0.47,0.15805,0.7864
770,189,0.43667,0.14211,0.77569
771,189,0.43,0.10702,0.75859
772,189,0.35,0.10403,0.70978
773,190,0.29,0.078314,0.94154
774,190,0.34,0.096135,0.98298
775,191,0.05,0.015914,0.57829
776,191,0.05,0.015914,0.57829
777,192,0.29,0.06129,0.86548
778,192,0.226,0.060571,0.87769
779,193,0.33,0.10647,0.89748
780,193,0.51,0.19663,1.4417
781,193,0.58,0.21244,1.8779
782,193,0.655,0.22742,2.33
783,193,0.475,0.15963,2.4224
784,193,0.6875,0.18758,2.0455
785,193,1.3,0.22493,1.8466
786,193,0.759,0.23015,1.6736
787,193,0.585,0.20548,1.2536
788,193,0.20083,0.06544,1.0321
789,193,0.1425,0.046652,1.061
790,193,0.062,0.020884,0.72752
791,194,0.42,0.13816,0.74474
792,194,0.3925,0.13251,0.71264
793,194,0.3625,0.12041,0.68783
794,194,0.41,0.13302,0.72829
795,194,0.46,0.16086,0.77879
796,195,1.25,0.49143,2.4859
797,195,1.175,0.46521,2.4746
798,195,0.925,0.24136,2.2938
799,196,0.05,0.01,0.1
800,196,0.05,0.01,0.1
801,196,0.01,0.01,0.01
802,196,1.2,0.05,6
803,197,0.05,0.01,0.1
804,197,0.15,0.1,0.2
805,197,1.2,0.05,6
806,197,0.15,0.1,0.2
807,198,13.7,13.17,16.094
808,198,13.55,13.078,16.077
809,198,14.512,13.554,16.217
810,198,15.675,14.042,16.303
811,198,15.775,13.942,16.32
812,198,15.775,14.379,16.496
813,198,15.775,14.379,16.496
814,198,15.825,14.579,16.566
815,199,7.3,6.5595,12.798
816,199,7.3,6.5485,12.856
817,200,1.05,0.87206,3.6502
818,200,1.05,0.87206,3.6502
819,201,3.45,2.869,12.345
820,201,3.45,2.869,12.345
821,202,3.3,2.6397,10.195
822,202,2.25,1.6976,10.441
823,202,3.475,2.6917,10.534
824,202,4.7,3.6857,10.627
825,202,4.3,3.7003,10.578
826,203,16.1,13.957,19.391
827,203,16.1,13.957,19.391
828,204,7.7,6.3717,14.789
829,204,7.7,6.3717,14.789
830,205,7.3,3.3922,9.3676
831,205,5.55,3.1803,7.7687
832,205,5.55,3.1803,7.7687
833,205,5.25,3.1617,7.7708
834,206,3.5,2.31,7.3373
835,206,2.925,2.0529,4.4206
836,206,2.6,1.7061,3.8474
837,206,2.275,1.3593,3.2742
838,207,2.45,0.83124,3.5428
839,207,2.725,1.9597,4.305
840,207,2.725,1.9597,4.305
841,207,3.75,1.8039,4.7155
842,207,3.85,1.7537,6.4817
843,207,3.85,1.7537,6.4817
844,208,1.045,0.33241,1.6176
845,208,1.09,0.35041,1.7266
846,208,0.87,0.32682,1.6292
847,208,0.93,0.34377,1.6824
848,209,0.855,0.38584,1.5843
849,209,0.865,0.36857,1.763
850,209,0.85,0.34712,1.7067
851,209,0.85,0.36731,1.8834
852,209,0.865,0.38086,1.8544
853,210,0.36,0.11698,0.70457
854,210,0.37,0.11386,0.69761
855,210,0.37,0.11161,0.69716
856,211,3,1.5,4.5
857,211,0.5,0.1,0.9
858,211,3,1.5,4.5
859,211,2,0,10
860,211,2,0,10
861,211,11,0,22
862,212,0.875,0.32365,2.237
863,212,0.705,0.28284,1.4263
864,212,0.705,0.28284,1.4263
865,212,0.825,0.30486,1.6539
866,212,0.885,0.30169,1.6887
867,212,0.83,0.31179,1.8981
868,212,0.74,0.3001,1.8873
869,212,0.615,0.19021,1.2121
870,213,1.15,0.61752,3.8976
871,213,1.2125,0.4991,3.3098
872,213,1.3,0.5224,2.9409
873,213,1.325,0.66413,3.1597
874,213,2.175,0.78063,3.1409
875,214,0.55667,0.20787,1.1697
876,214,0.635,0.25669,1.299
877,214,0.525,0.21166,1.2024
878,214,0.63,0.23459,1.2362
879,214,0.645,0.21443,1.2656
880,215,0.5225,0.16983,1.1299
881,215,0.44,0.14287,1.038
882,215,0.36,0.12815,0.97181
883,215,0.3,0.1111,0.91352
884,215,0.34,0.11397,0.90116
885,215,0.34,0.097503,0.90965
886,216,0.882,0.43278,1.5866
887,216,0.804,0.33591,1.3573
888,217,1.275,0.21595,2.0129
889,217,1.225,0.34662,1.9117
890,217,0.9,0.34399,1.7047
891,217,0.76833,0.3492,1.7197
892,217,0.54,0.27372,1.6305
893,217,0.635,0.24966,1.6302
894,217,0.855,0.34503,1.7414
895,218,0.65,0.21698,0.89491
896,218,0.66333,0.21222,0.88932
897,218,0.51,0.2093,0.86832
898,219,0.585,0.20818,1.1771
899,219,0.57125,0.22325,1.1712
900,219,0.52333,0.19665,1.1198
901,219,0.5475,0.18479,1.1229
902,220,0.51,0.18443,0.99746
903,220,0.55,0.19175,1.0064
904,221,0.735,0.22602,1.4642
905,221,0.735,0.22602,1.4642
906,222,0.795,0.28905,1.3726
907,222,0.705,0.26285,1.3313
908,223,0.48,0.15915,1.1278
909,223,0.495,0.17583,1.1561
910,224,0.705,0.40429,1.5823
911,224,0.78,0.42145,1.5527
912,224,0.935,0.46877,1.5971
913,224,0.81,0.38755,1.4901
914,225,0.525,0.22588,2.0571
915,225,0.525,0.22588,2.0571
916,225,0.525,0.22588,2.0571
917,226,0.675,0.23546,1.5717
918,226,0.675,0.23546,1.5717
919,227,3.125,2.5656,18.29
920,227,5,4.4645,18.288
921,228,0.735,0.10251,1.2452
922,228,0.435,0.13085,1.0796
923,228,0.645,0.15037,1.172
924,228,0.705,0.18305,1.294
925,228,0.6375,0.21595,1.2186
926,228,0.675,0.24962,1.3096
927,228,0.49833,0.2225,1.6409
928,228,0.5,0.23765,1.9753
929,228,0.525,0.23633,1.9202
930,228,0.475,0.20293,1.6929
931,229,3.275,1.6632,3.9535
932,229,3.275,1.6632,3.9535
933,229,2.275,1.3826,3.1864
934,230,0.39,0.13107,0.74474
935,230,0.39,0.13107,0.74474
936,231,0.975,0.4062,1.611
937,231,0.975,0.4062,1.611
938,231,0.975,0.4062,1.611
939,231,0.775,0.44779,2.1783
940,231,0.775,0.44779,2.1783
941,232,0.645,0.1944,1.331
942,232,0.645,0.1944,1.331
943,233,1.215,0.37607,1.778
944,233,1.475,0.39333,1.9475
945,234,0.65,0.27256,1.137
946,234,0.65,0.27256,1.137
947,235,0.855,0.37832,1.5744
948,235,0.855,0.37832,1.5744
949,236,0.525,0.19136,1.5058
950,236,0.705,0.25608,1.6102
951,236,0.795,0.28844,1.6624
952,237,0.675,0.17078,1.526
953,237,0.735,0.24518,1.567
954,238,0.55,0.22639,3.2651
955,238,0.75,0.30695,3.28
956,238,0.75,0.30695,3.28
957,238,0.55,0.20677,3.2818
958,239,0.315,0.11391,1.1163
959,239,0.63333,0.22912,1.2652
960,240,0.54,0.19144,1.261
961,240,0.4675,0.1772,1.1459
962,240,0.47,0.18766,1.0998
963,240,0.675,0.23151,1.3878
964,241,3.85,2.8071,6.8771
965,241,4.1,3.0986,6.7619
966,241,4.7625,3.715,6.6062
967,241,5.0625,3.8694,6.7767
968,241,4.2,2.9945,6.6837
969,242,0.57,0.20169,1.1123
970,242,0.49,0.15512,0.99228
971,243,0.675,0.2214,1.2867
972,243,0.665,0.21844,1.2503
973,243,0.645,0.21252,1.1777
974,244,0.45,0.19103,1.0447
975,244,0.45,0.19103,1.0447
976,245,0.645,0.20731,1.3838
977,245,0.645,0.20731,1.3838
978,245,0.39,0.12988,0.87428
979,245,0.25,0.081599,0.86566
980,245,0.25,0.081599,0.86566
981,246,0.255,0.090808,1.3102
982,246,0.255,0.090808,1.3102
983,246,0.675,0.31159,1.3533
984,246,0.675,0.31159,1.3533
985,247,0.66,0.23055,1.4723
986,247,0.555,0.17446,1.3999
987,247,0.51,0.18149,1.4359
988,247,0.525,0.21438,1.4868
989,247,0.765,0.29058,1.5911
990,248,0.575,0.21656,2.0224
991,248,0.575,0.21656,2.0224
992,249,7.1,5.4503,17.257
993,249,7.65,6.8694,17.508
994,249,8.85,7.8708,17.767
995,250,0,0,0
996,250,0,0,0
997,250,0,0,0
998,250,0,0,0
999,250,0,0,0
1000,250,0,0,0
1001,250,0,0,0
1002,250,0,0,0
1003,250,0,0,0
1004,250,0,0,0
1005,250,0,0,0
1006,250,0,0,0
1007,251,5.3,4.8544,10.293
1008,251,6.825,6.1359,10.571
1009,251,9.75,8.0663,11.423
1010,251,11.8,9.5676,12.707
1011,251,12.45,10.42,13.415
1012,251,11.75,10.673,14.799
1013,251,11.55,10.464,13.937
1014,252,0.47,0.15206,1.0563
1015,252,0.51,0.14013,1.0061
1016,252,0.45667,0.14595,1.0299
1017,252,0.44333,0.14558,1.0162
1018,252,0.45,0.15012,1.0237
1019,252,0.45,0.15062,0.99384
1020,252,0.68625,0.20172,1.301
1021,252,0.885,0.25011,1.5436
1022,253,0.49,0.19415,1.107
1023,253,0.465,0.1668,1.2328
1024,253,0.465,0.1668,1.2328
1025,253,0.47,0.21637,0.98738
1026,254,0.525,0.1976,1.1841
1027,254,0.525,0.1976,1.1841
1028,255,0.31,0.10416,0.86804
1029,255,0.49,0.16638,0.98817
1030,256,0.855,0.28242,1.4775
1031,256,0.855,0.28242,1.4775
1032,257,0.705,0.34702,1.4707
1033,257,0.645,0.29454,1.3426
1034,257,0.585,0.24206,1.2146
1035,258,0.585,0.18518,1.1711
1036,258,0.555,0.22023,1.3738
1037,258,0.39,0.13619,1.0547
1038,258,0.525,0.15273,1.1417
1039,259,0.465,0.13675,1.0988
1040,259,0.555,0.15568,1.3342
1041,260,0,0,0
1042,260,0,0,0
1043,260,0,0,0
1044,260,0,0,0
1045,260,0,0,0
1046,260,0,0,0
1047,260,0,0,0
1048,260,0,0,0
1049,260,0,0,0
1050,260,0,0,0
1051,260,0,0,0
1052,260,0,0,0
1053,260,0,0,0
1054,260,0,0,0
1055,260,0,0,0
1056,260,0,0,0
1057,260,0,0,0
1058,261,0,0,0
1059,261,0,0,0
1060,261,0,0,0
1061,261,0,0,0
1062,261,0,0,0
1063,261,0,0,0
1064,262,0.425,0.15504,1.9228
1065,262,0.375,0.13658,1.8873
1066,262,0.375,0.13658,1.8873
1067,262,0.375,0.14397,1.8909
1068,262,0.475,0.16499,1.9255
1069,262,0.575,0.186,1.9601
1070,263,0.645,0.2024,1.2247
1071,263,0.645,0.2024,1.2247
1072,264,0.585,0.21865,1.4579
1073,264,0.585,0.21865,1.4579
1074,265,0.57,0.21658,1.409
1075,265,0.63,0.22915,1.3222
1076,265,0.675,0.23271,1.2866
1077,265,0.595,0.21325,1.1835
1078,266,0.17,0.072714,0.90335
1079,266,0.21,0.072915,0.883
1080,266,0.29,0.073317,0.84229
1081,267,0.255,0.068898,1.1512
1082,267,0.405,0.224,1.2966
1083,268,0.675,0.28925,1.3908
1084,268,0.77357,0.28813,1.4309
1085,268,0.849,0.29246,1.4776
1086,268,0.945,0.32789,1.5765
1087,269,0.585,0.25358,1.3035
1088,269,0.6075,0.20454,1.2843
1089,270,0.63,0.24801,1.5005
1090,270,0.615,0.25947,1.4067
1091,270,0.645,0.25476,1.3715
1092,270,0.621,0.22627,1.286
1093,270,0.555,0.22214,1.3702
1094,270,0.615,0.23497,1.4045
1095,270,0.665,0.23495,1.4105
1096,270,0.6225,0.236,1.2932
1097,270,0.675,0.265,1.3777
1098,270,0.645,0.29193,1.3328
1099,270,0.525,0.17172,1.1816
1100,271,1.035,0.37654,1.7518
1101,271,0.915,0.34319,1.51
1102,271,0.75,0.30684,1.4283
1103,271,0.675,0.27539,1.3166
1104,271,0.6,0.20583,1.2193
1105,272,0.65,0.26197,1.1582
1106,272,0.675,0.26336,1.2816
1107,272,0.65833,0.25425,1.2184
1108,272,0.6475,0.27052,1.2318
1109,272,0.645,0.29135,1.2768
1110,273,0.775,0.25396,2.4543
1111,273,0.675,0.22621,2.2473
1112,273,0.605,0.20428,1.899
1113,273,0.465,0.16042,1.2025
1114,274,0.1425,0.053471,0.24693
1115,274,0.1425,0.055175,0.24903
1116,275,0.35,0.12352,3.051
1117,275,0.825,0.37133,2.9143
1118,275,0.25,0.12061,3.0113
1119,275,0.31667,0.13352,3.0114
1120,275,0.35,0.13997,3.0114
1121,276,0.55,0.21696,4.5723
1122,276,0.81667,0.34054,4.6333
1123,276,0.55,0.21069,4.6315
1124,276,0.25,0.13465,4.5855
1125,276,0.275,0.12699,4.6172
1126,276,0.3,0.11933,4.6488
1127,276,0.25,0.093213,4.5401
1128,276,0.3,0.11047,4.5722
1129,276,0.35,0.12772,4.6044
1130,277,1.225,0.44697,2.0856
1131,277,0.625,0.37488,2.0222
1132,277,0.575,0.28333,2.0405
1133,277,0.525,0.19177,2.0587
1134,278,0.39,0.1278,0.7153
1135,278,0.35,0.12437,0.70653
1136,279,0.29,0.09248,0.9056
1137,279,0.39,0.11179,0.84617
1138,279,0.465,0.15969,1.1785
1139,279,0.465,0.15969,1.1785
1140,279,0.555,0.19076,1.3474
1141,280,0.345,0.10247,1.0647
1142,280,0.345,0.10247,1.0647
1143,281,0.555,0.18062,1.2413
1144,281,0.555,0.18062,1.2413
1145,282,0.495,0.19445,1.251
1146,282,0.495,0.19445,1.251
1147,283,0.22,0.086139,0.96726
1148,283,0.21667,0.077114,0.92521
1149,283,0.23,0.078393,0.96389
1150,284,1.2688,0.4406,2.4022
1151,284,1.8083,0.4851,3.2905
1152,284,0.745,0.29397,1.7587
1153,284,0.495,0.14694,1.2969
1154,285,0.29,0.097889,1.0281
1155,285,0.29,0.095094,1.008
1156,285,0.36,0.12407,1.0261
1157,285,0.41167,0.13771,1.0681
1158,285,0.375,0.10426,1.0958
1159,286,0.705,0.26454,1.6023
1160,286,1.065,0.49301,1.8262
1161,286,1.245,0.60725,1.9382
1162,287,0.17,0.063656,0.87741
1163,287,0.18,0.063449,0.89144
1164,288,0.495,0.21471,1.5337
1165,288,1.825,0.2422,2.3728
1166,288,0.525,0.24031,2.2197
1167,288,0.55833,0.2286,1.9807
1168,288,1.425,0.24932,1.9879
1169,289,0.585,0.21314,1.5317
1170,289,0.675,0.20171,1.2072
1171,289,0.675,0.20171,1.2072
1172,289,0.555,0.18283,1.1825
1173,290,0.33,0.1144,0.68976
1174,290,0.38333,0.14178,0.75552
1175,290,0.43,0.18402,0.78131
1176,291,0.37,0.1141,0.73271
1177,291,0.33667,0.097569,0.69972
1178,291,0.38,0.11852,0.7357
1179,292,0.414,0.12978,0.73095
1180,292,0.4,0.13264,0.72417
1181,292,0.43667,0.14663,0.7471
1182,293,0.495,0.10625,1.2284
1183,293,0.525,0.18174,1.3588
1184,293,0.745,0.22594,1.4631
1185,293,0.9,0.3021,1.7158
1186,293,0.975,0.38164,1.7795
1187,294,0.35,0.10785,0.68425
1188,294,0.37,0.11014,0.69093
1189,294,0.37,0.10588,0.6792
1190,295,1.075,0.2948,2.0259
1191,295,1.675,0.28845,2.2956
1192,295,1.675,0.28845,2.2956
1193,295,1.725,0.29403,2.2319
1194,296,0.47,0.1331,1.0427
1195,296,0.45,0.14761,1.0457
1196,297,2.55,0.32068,3.0168
1197,297,2.55,0.32068,3.0168
1198,297,1.95,0.314,2.9246
1199,297,1.575,0.29113,2.557
1200,297,1.575,0.29113,2.557
1201,297,1.525,0.32285,2.7529
1202,297,1.525,0.32285,2.7529
1203,298,0.915,0.3227,1.6329
1204,298,0.645,0.2385,1.234
1205,298,0.5825,0.20595,1.1529
1206,298,0.5675,0.20082,1.1721
1207,299,0.755,0.3122,1.4581
1208,299,0.771,0.33879,1.4074
1209,299,0.675,0.27236,1.3209
1210,299,0.555,0.21734,1.2407
1211,300,0.685,0.24515,1.3293
1212,300,0.615,0.2442,1.3145
1213,300,0.735,0.27628,1.407
1214,300,0.895,0.31789,1.5743
1215,300,1.053,0.38183,1.7708
1216,300,0.885,0.34231,1.6591
1217,301,0.555,0.17812,1.4092
1218,301,0.645,0.21055,1.3522
1219,302,0,0,0
1220,302,0,0,0
1221,302,0,0,0
1222,302,0,0,0
1223,303,0,0,0
1224,303,0,0,0
1225,303,0,0,0
1226,303,0,0,0
1227,303,0,0,0
1228,303,0,0,0
1229,303,0,0,0
1230,303,0,0,0
1231,303,0,0,0
1232,304,0.405,0.10632,1.0694
1233,304,0.375,0.095704,1.104
1234,304,0.345,0.085092,1.1387
1235,305,0.475,0.14733,1.9052
1236,305,0.375,0.11769,1.9985
1237,306,0.495,0.13239,1.187
1238,306,0.326,0.10184,1.0159
1239,306,0.25,0.079011,0.87334
1240,306,0.18,0.059353,0.88697
1241,306,0.15,0.053287,0.97805
1242,307,0.765,0.26973,1.4893
1243,307,0.657,0.24277,1.5217
1244,307,0.585,0.2248,1.5433
1245,308,0.19,0.073455,0.99493
1246,308,0.229,0.074863,1.0312
1247,308,0.255,0.075803,1.0553
1248,309,2.325,1.2555,4.0082
1249,309,2.425,1.1487,3.9122
1250,309,2.175,1.4835,3.7793
1251,310,2.175,1.1746,3.5756
1252,310,2.175,1.1746,3.5756
1253,310,3.075,1.7853,3.7976
1254,310,3.075,1.7853,3.7976
1255,311,0.1725,0.061128,0.31069
1256,311,0.1725,0.061128,0.31069
1257,312,0.39,0.11897,0.82431
1258,312,0.39,0.11897,0.82431
1259,313,0.43,0.14784,0.9226
1260,313,0.59,0.20167,1.1063
1261,314,0,0,0
1262,314,0,0,0
1263,314,0,0,0
1264,314,0,0,0
1265,314,0,0,0
1266,314,0,0,0
1267,314,0,0,0
1268,315,0,0,0
1269,315,0,0,0
1270,316,0,0,0
1271,316,0,0,0
1272,316,0,0,0
1273,317,0,0,0
1274,317,0,0,0
1275,317,0,0,0
1276,318,0,0,0
1277,318,0,0,0
1278,318,0,0,0
1279,319,0,0,0
1280,319,0,0,0
1281,320,0.45,0.14714,0.93282
1282,320,0.41,0.10764,0.81106
1283,320,0.41,0.091005,0.78141
1284,321,0.85,0.33036,1.9118
1285,321,0.775,0.27172,1.7955
1286,321,0.70833,0.26368,1.7902
1287,321,0.6,0.22061,1.8113
1288,322,0.8925,0.45211,1.8085
1289,322,0.555,0.31804,1.5662
1290,322,0.375,0.22402,1.5205
1291,323,0.15,0.047866,3.7314
1292,323,0.15,0.047866,3.7314
1293,323,0.15,0.048012,3.7765
1294,323,0.15,0.062068,3.9455
1295,323,0.15,0.058661,3.8655
1296,323,0.15,0.055254,3.7855
1297,323,0.15,0.063537,3.9542
1298,323,0.15,0.07182,4.1229
1299,324,0.285,0.083019,1.0209
1300,324,0.19,0.063978,0.9249
1301,324,0.19,0.063978,0.9249
1302,325,2.425,1.2776,3.1168
1303,325,2.375,1.3624,3.2364
1304,325,2.825,1.3529,3.9056
1305,326,0.495,0.21436,1.366
1306,326,0.495,0.21436,1.366
1307,326,0.725,0.30687,1.7755
1308,326,0.725,0.30687,1.7755
1309,327,0.262,0.078697,0.85829
1310,327,0.31,0.093321,0.83039
1311,327,0.32,0.10307,0.85016
1312,327,0.338,0.1208,0.90127
1313,327,0.34,0.12728,0.926
1314,328,0.418,0.13387,1.0455
1315,328,0.21,0.062504,0.90305
1316,328,0.79,0.28107,1.2218
1317,329,0.4,0.11398,0.78099
1318,329,0.33,0.091131,0.73004
1319,329,0.27,0.085452,0.71659
1320,329,0.35,0.11725,0.7765
1321,330,0.37,0.11332,0.69876
1322,330,0.365,0.11424,0.68326
1323,330,0.35,0.11798,0.69559
1324,331,0.57667,0.20957,0.8625
1325,331,0.62,0.20724,0.86924
1326,331,0.59667,0.20132,0.87221
1327,332,0.23,0.076972,0.8258
1328,332,0.405,0.16297,1.1979
1329,333,0.445,0.15269,0.77436
1330,333,0.47667,0.17445,0.79489
1331,333,0.5,0.18289,0.81667
1332,334,0.57,0.2138,0.86271
1333,334,0.57,0.20116,0.85539
1334,334,0.43,0.16185,0.77833
1335,334,0.49,0.18518,0.82202
1336,335,0,0,0
1337,335,0,0,0
1338,335,0,0,0
1339,335,0,0,0
1340,336,2.55,0.33191,4.4734
1341,336,2.55,0.33191,4.4734
1342,336,0.625,0.25432,2.0845
1343,336,0.255,0.055629,1.1473
1344,336,0.255,0.055629,1.1473
1345,337,2.4,1.5161,3.1668
1346,337,2.375,1.5205,3.0468
1347,337,2.425,1.5591,3.1267
1348,337,2.775,1.5822,3.395
1349,337,2.475,1.5346,3.2017
1350,337,2.25,1.4472,3.0785
1351,338,4.025,3.1769,5.6307
1352,338,4.125,3.3171,5.6413
1353,338,4.2083,3.3072,5.5913
1354,338,4.6583,3.3213,5.6581
1355,338,4.975,3.3142,5.8601
1356,338,4.95,3.347,5.9803
1357,338,4.9917,3.316,6.238
1358,338,4.9167,3.2361,6.3693
1359,338,5.15,3.273,6.4377
1360,339,1.125,0.36713,1.9366
1361,339,1.125,0.36713,1.9366
1362,339,1.175,0.31538,1.8067
1363,339,1.175,0.31538,1.8067
1364,340,1.065,0.305,1.6665
1365,340,1.065,0.305,1.6665
1366,340,0.47,0.16678,1.0583
1367,340,0.47,0.16678,1.0583
1368,341,1.575,0.79456,2.5646
1369,341,1.475,0.78992,2.3448
1370,341,1.5583,0.7917,2.2833
1371,342,0.465,0.17445,0.6474
1372,342,0.565,0.17852,0.65915
1373,342,0.425,0.15368,0.62184
1374,342,0.43,0.15185,0.61551
1375,342,0.435,0.15003,0.60918
1376,342,0.405,0.14099,0.60917
1377,342,0.35,0.13007,0.58343
1378,342,0.245,0.086525,0.51608
1379,342,0.25,0.086179,0.51678
1380,342,0.255,0.085832,0.51748
1381,343,0.425,0.13116,0.60988
1382,343,0.37,0.13084,0.59628
1383,343,0.39833,0.14637,0.59491
1384,343,0.4,0.14805,0.60098
1385,343,0.37,0.13242,0.58037
1386,344,0.525,0.20723,1.2518
1387,344,0.54,0.18755,1.1991
1388,344,0.69,0.24338,1.242
1389,344,0.735,0.27202,1.2626
1390,345,0.765,0.30477,1.3669
1391,345,0.665,0.27847,1.3378
1392,346,0.615,0.23582,1.2879
1393,346,0.615,0.23046,1.2707
1394,346,0.555,0.24162,1.2551
1395,347,0.855,0.36724,1.5651
1396,347,0.825,0.32331,1.4022
1397,348,0.1975,0.068338,0.33193
1398,348,0.2425,0.080626,0.34584
1399,349,0,0,0
1400,349,0,0,0
1401,349,0,0,0
1402,349,0,0,0
1403,349,0,0,0
1404,349,0,0,0
1405,349,0,0,0
1406,349,0,0,0
1407,349,0,0,0
1408,350,0,0,0
1409,350,0,0,0
1410,350,0,0,0
1411,350,0,0,0
1412,350,0,0,0
1413,351,0.53,0.17639,1.0693
1414,351,0.43,0.14558,1.0228
1415,351,0.33,0.11478,0.9763
1416,351,0.495,0.15455,1.1137
1417,352,0,0,0
1418,352,0,0,0
1419,352,0,0,0
1420,352,0,0,0
1421,353,0.41,0.14067,1.002
1422,353,0.39,0.10859,0.88735
1423,353,0.49,0.17831,1.0478
1424,354,1.375,0.26301,2.0467
1425,354,1.375,0.26301,2.0467
1426,355,0.495,0.16562,1.1686
1427,355,0.495,0.14604,1.1049
1428,356,1.225,0.46099,2.28
1429,356,2.2563,0.56731,2.8841
1430,357,0.705,0.3108,1.3865
1431,357,0.705,0.3108,1.3865
1432,358,0.37,0.13403,0.93492
1433,358,0.33,0.10011,0.90155
1434,359,0.35,0.11594,1.0044
1435,359,0.2675,0.082801,0.99864
1436,360,0.39,0.13005,0.71421
1437,360,0.3325,0.10726,0.68102
1438,360,0.36,0.11648,0.7008
1439,361,0.11,0.038544,0.7914
1440,361,0.098,0.034978,0.7755
1441,361,0.14333,0.040087,0.76593
1442,361,0.07,0.028464,0.78967
1443,362,1.625,0.31622,2.1488
1444,362,1.625,0.31622,2.1488
1445,362,2.75,0.53185,3.3044
1446,362,2.75,0.53185,3.3044
1447,363,0.725,0.27161,1.9451
1448,363,0.8,0.26236,2.0367
1449,363,0.8,0.27258,2.2407
1450,363,0.625,0.27225,2.2858
1451,364,0.4,0.12537,0.71834
1452,364,0.4,0.13087,0.72599
1453,364,0.38,0.12227,0.70611
1454,365,0.645,0.2409,1.2949
1455,365,0.615,0.24382,1.2623
1456,365,0.53,0.231,1.1441
1457,366,0.435,0.14948,1.1244
1458,366,0.55,0.20833,1.1187
1459,366,0.525,0.18987,1.2429
1460,367,3.75,2.0425,13.665
1461,367,4.35,2.8881,13.663
1462,367,4.95,3.8578,13.403
1463,367,4.95,3.9819,13.145
1464,367,4.65,3.7768,13.722
1465,368,0.825,0.26884,1.4232
1466,368,0.45,0.12724,0.99163
1467,369,0.675,0.25398,1.3166
1468,369,0.565,0.20596,1.2131
1469,369,0.6,0.21379,1.2729
1470,370,0.495,0.19535,1.4156
1471,370,0.525,0.18174,1.5047
1472,370,0.525,0.15431,1.1867
1473,371,0,0,0
1474,371,0,0,0
1475,372,0,0,0
1476,372,0,0,0
1477,372,0,0,0
1478,373,0,0,0
1479,373,0,0,0
1480,373,0,0,0
1481,373,0,0,0
1482,373,0,0,0
1483,373,0,0,0
1484,373,0,0,0
1485,374,0.37,0.12759,0.72427
1486,374,0.35,0.10855,0.68491
1487,375,0.525,0.20765,1.1839
1488,375,0.525,0.20765,1.1839
1489,376,0.395,0.14371,1.084
1490,376,0.4775,0.1844,1.1775
1491,376,0.43,0.14121,0.96778
1492,377,0.435,0.13233,1.1281
1493,377,0.435,0.13233,1.1281
1494,378,0.35,0.10133,0.93195
1495,378,0.34,0.094187,0.90947
1496,378,0.33,0.08704,0.887
1497,379,0.43,0.15335,0.97556
1498,379,0.41667,0.14309,0.95179
1499,379,0.41,0.13796,0.9399
1500,380,0,0,0
1501,380,0,0,0
1502,380,0,0,0
1503,381,0,0,0
1504,381,0,0,0
1505,381,0,0,0
1506,381,0,0,0
1507,381,0,0,0
1508,382,0,0,0
1509,382,0,0,0
1510,382,0,0,0
1511,382,0,0,0
1512,382,0,0,0
1513,382,0,0,0
1514,383,0,0,0
1515,383,0,0,0
1516,384,0,0,0
1517,384,0,0,0
1518,384,0,0,0
1519,384,0,0,0
1520,384,0,0,0
1521,384,0,0,0
1522,385,0,0,0
1523,385,0,0,0
1524,386,0,0,0
1525,386,0,0,0
1526,386,0,0,0
1527,387,0,0,0
1528,387,0,0,0
1529,388,0,0,0
1530,388,0,0,0
1531,388,0,0,0
1532,388,0,0,0
1533,389,0,0,0
1534,389,0,0,0
1535,389,0,0,0
1536,389,0,0,0
1537,390,0,0,0
1538,390,0,0,0
1539,390,0,0,0
1540,390,0,0,0
1541,390,0,0,0
1542,391,0,0,0
1543,391,0,0,0
1544,391,0,0,0
1545,391,0,0,0
1546,392,0,0,0
1547,392,0,0,0
1548,392,0,0,0
1549,392,0,0,0
1550,392,0,0,0
1551,393,0,0,0
1552,393,0,0,0
1553,393,0,0,0
1554,393,0,0,0
1555,393,0,0,0
1556,393,0,0,0
1557,393,0,0,0
1558,394,0,0,0
1559,394,0,0,0
1560,394,0,0,0
1561,395,0,0,0
1562,395,0,0,0
1563,395,0,0,0
1564,395,0,0,0
1565,395,0,0,0
1566,395,0,0,0
1567,396,0.875,0.36221,2.1893
1568,396,2.4875,0.97273,3.751
1569,396,2.45,0.96184,3.2289
1570,396,2.575,1.001,3.3143
1571,396,2.1583,0.97509,3.028
1572,397,0.32333,0.1025,0.78731
1573,397,0.35,0.10034,0.75019
1574,397,0.38333,0.12169,0.80096
1575,397,0.29,0.090272,0.76433
1576,398,0.495,0.16051,1.123
1577,398,0.51,0.16453,1.106
1578,399,1.325,0.30705,1.7945
1579,399,1.325,0.30705,1.7945
1580,399,1.125,0.29663,1.8037
1581,399,0.575,0.2369,2.461
1582,399,0.575,0.2369,2.461
1583,400,0.435,0.11337,1.1503
1584,400,0.725,0.21612,1.9203
1585,400,0.105,0.048233,0.93154
1586,401,0.46,0.16922,0.76428
1587,401,0.43,0.15537,0.75224
1588,402,0.43,0.15127,0.74913
1589,402,0.41,0.12643,0.71107
1590,403,0.295,0.09719,0.60074
1591,403,0.295,0.09719,0.60074
1592,404,2.085,1.1244,2.7001
1593,404,1.92,1.0898,2.5717
1594,404,1.775,1.1055,2.4732
1595,404,1.4925,0.91357,2.2493
1596,404,1.725,1.0567,2.2701
1597,404,1.245,0.80012,2.0412
1598,404,1.445,0.90296,2.1512
1599,405,1.775,0.93363,2.4554
1600,405,1.775,0.93363,2.4554
1601,406,2.325,1.0105,3.0609
1602,406,2.325,1.0105,3.0609
1603,407,0,0,0
1604,407,0,0,0
1605,407,0,0,0
1606,407,0,0,0
1607,408,0,0,0
1608,408,0,0,0
1609,408,0,0,0
1610,409,0,0,0
1611,409,0,0,0
1612,409,0,0,0
1613,410,0,0,0
1614,410,0,0,0
1615,410,0,0,0
1616,411,1.925,0.9977,2.7713
1617,411,1.925,0.9977,2.7713
1618,412,0.305,0.10246,0.54392
1619,412,0.305,0.10246,0.54392
1620,413,0.215,0.077809,0.39542
1621,413,0.235,0.080676,0.39732
1622,414,0.225,0.071181,1.3092
1623,414,0.195,0.063552,1.2466
1624,414,0.195,0.063552,1.2466
1625,414,0.735,0.15432,1.4798
1626,414,1.185,0.53569,1.9138
1627,415,0.1575,0.053046,0.24371
1628,415,0.1425,0.05225,0.24454
1629,415,0.1525,0.053786,0.24753
1630,415,0.15583,0.055685,0.24855
1631,416,0,0,0
1632,416,0,0,0
1633,416,0,0,0
1634,416,0,0,0
1635,416,0,0,0
1636,416,0,0,0
1637,416,0,0,0
1638,416,0,0,0
1639,417,0,0,0
1640,417,0,0,0
1641,417,0,0,0
1642,417,0,0,0
1643,418,0.775,0.27758,2.1354
1644,418,0.775,0.27758,2.1354
1645,419,0.55875,0.19936,1.1386
1646,419,0.625,0.23935,1.2335
1647,419,0.6,0.23211,1.1948
1648,419,0.615,0.23711,1.1951
1649,420,0.585,0.13763,1.384
1650,420,0.605,0.17793,1.3953
1651,420,0.615,0.19809,1.401
1652,420,0.695,0.18797,1.3797
1653,420,0.735,0.18291,1.3691
1654,421,0.5,0.18016,1.1069
1655,421,0.3225,0.11061,1.0324
1656,421,0.21,0.071866,0.99889
1657,421,0.37,0.11758,0.99385
1658,421,0.21,0.063667,0.97202
1659,422,0.36167,0.10974,0.98492
1660,422,0.31,0.099395,0.93173
1661,423,0.31,0.075674,0.90553
1662,423,0.31,0.11139,0.89391
1663,424,0.465,0.14018,1.1259
1664,424,0.465,0.14018,1.1259
1665,425,0.72,0.30085,1.6359
1666,425,0.74,0.3187,1.8065
1667,425,0.885,0.33106,1.4723
1668,425,0.765,0.27773,1.3615
1669,426,0,0,0
1670,426,0,0,0
1671,426,0,0,0
1672,426,0,0,0
1673,426,0,0,0
1674,426,0,0,0
1675,426,0,0,0
1676,426,0,0,0
1677,426,0,0,0
1678,426,0,0,0
1679,426,0,0,0
1680,426,0,0,0
1681,426,0,0,0
1682,426,0,0,0
1683,426,0,0,0
1684,426,0,0,0
1685,427,1.545,0.96054,2.1239
1686,427,1.545,0.96054,2.1239
1687,427,1.515,0.83845,2.2529
1688,428,0.925,0.36723,2.4482
1689,428,0.975,0.52149,2.4111
1690,428,1,0.55952,2.4377
1691,428,1.025,0.59755,2.4642
1692,428,1.075,0.4036,2.2606
1693,429,1.875,1.3099,2.8337
1694,429,2.115,1.3632,2.8017
1695,429,2.045,1.2295,2.756
1696,430,1.375,0.81793,2.7163
1697,430,1.7083,1.0963,2.7521
1698,430,1.925,1.2991,2.9744
1699,431,0.81,0.36343,1.5311
1700,431,0.805,0.34796,1.504
1701,431,0.735,0.2965,1.4566
1702,431,0.525,0.18457,1.4442
1703,432,0.225,0.083864,1.2179
1704,432,0.235,0.092071,1.1433
1705,432,0.395,0.1393,1.1519
1706,432,0.465,0.1682,1.2348
1707,433,1.425,0.61178,2.0775
1708,433,1.675,0.53502,2.2886
1709,434,2.075,0.54136,2.6079
1710,434,2.075,0.55219,2.6903
1711,434,2.075,0.56302,2.7728
1712,435,1.325,0.37992,2.5388
1713,435,0.85833,0.30409,2.4226
1714,435,0.625,0.26617,2.3644
1715,436,0.41,0.12655,1.0157
1716,436,0.41,0.12655,1.0157
1717,437,0,0,0
1718,437,0,0,0
1719,438,0,0,0
1720,438,0,0,0
1721,439,0,0,0
1722,439,0,0,0
1723,440,0,0,0
1724,440,0,0,0
1725,441,0,0,0
1726,441,0,0,0
1727,442,0.525,0.16116,1.25
1728,442,0.555,0.16683,1.2578
1729,442,0.69,0.18931,1.36
1730,442,0.825,0.2118,1.4622
1731,443,1.245,0.62137,1.998
1732,443,1.195,0.5901,1.9961
1733,443,1.095,0.52756,1.9923
1734,444,0.49,0.16384,0.7915
1735,444,0.47,0.17181,0.81323
1736,445,1.175,0.82118,2.409
1737,445,1.175,0.82118,2.409
1738,445,2.025,1.4068,3.7473
1739,445,2.025,1.4068,3.7473
1740,445,1.825,1.2214,3.5024
1741,445,1.725,1.1287,3.3799
1742,446,0,0,0
1743,446,0,0,0
1744,446,0,0,0
1745,446,0,0,0
1746,446,0,0,0
1747,446,0,0,0
1748,446,0,0,0
1749,446,0,0,0
1750,446,0,0,0
1751,446,0,0,0
1752,446,0,0,0
1753,446,0,0,0
1754,446,0,0,0
1755,446,0,0,0
1756,447,0,0,0
1757,447,0,0,0
1758,447,0,0,0
1759,447,0,0,0
1760,447,0,0,0
1761,448,0,0,0
1762,448,0,0,0
1763,448,0,0,0
1764,448,0,0,0
1765,449,0.11,0.03595,0.92463
1766,449,0.19,0.05908,0.90839
1767,449,0.2,0.063611,0.92544
1768,449,0.21,0.068142,0.94249
1769,450,2.375,1.6821,3.3196
1770,450,2.375,1.6821,3.3196
1771,451,0,0,0
1772,451,0,0,0
1773,451,0,0,0
1774,451,0,0,0
1775,451,0,0,0
1776,451,0,0,0
1777,452,0,0,0
1778,452,0,0,0
1779,452,0,0,0
1780,453,0.175,0.08225,2.3481
1781,453,0.475,0.13578,2.362
1782,453,0.475,0.13578,2.362
1783,453,1.125,0.26414,2.1682
1784,453,0.975,0.26318,2.1305
1785,453,0.55,0.19498,2.0768
1786,453,0.275,0.12775,2.0607
1787,454,0.675,0.35024,1.7324
1788,454,0.915,0.40421,1.7497
1789,455,0,0,0
1790,455,0,0,0
1791,455,0,0,0
1792,455,0,0,0
1793,455,0,0,0
1794,455,0,0,0
1795,455,0,0,0
1796,456,0,0,0
1797,456,0,0,0
1798,457,0.975,0.45599,2.1464
1799,457,1,0.39883,2.0867
1800,457,1.25,0.51109,2.1261
1801,457,1.475,0.71155,2.2556
1802,457,1.51,0.82642,2.3111
1803,457,1.3817,0.69562,2.1352
1804,457,1.2,0.53595,2.0985
1805,458,0.645,0.25628,1.2951
1806,458,0.645,0.25885,1.436
1807,459,0.275,0.10958,1.9685
1808,459,0.275,0.10958,1.9685
1809,460,0,0,0
1810,460,0,0,0
1811,460,0,0,0
1812,460,0,0,0
1813,461,0,0,0
1814,461,0,0,0
1815,461,0,0,0
1816,461,0,0,0
1817,461,0,0,0
1818,462,0,0,0
1819,462,0,0,0
1820,463,2.975,2.0453,4.3046
1821,463,3.075,2.1694,4.2312
1822,463,2.85,1.9337,4.108
1823,463,1.55,0.52372,4.1112
1824,463,1.55,0.52372,4.1112
1825,463,1.15,0.54684,4.0586
1826,464,0.435,0.13653,1.1128
1827,464,0.45,0.14623,1.1031
1828,464,0.465,0.15592,1.0934
1829,464,0.555,0.14036,1.1283
1830,464,0.555,0.14036,1.1283
1831,465,0.57,0.19028,1.0815
1832,465,0.5,0.16244,1.0445
1833,465,0.43,0.13461,1.0075
1834,466,0.46333,0.17367,0.99092
1835,466,0.53,0.18502,1.0735
1836,466,0.61,0.20678,1.1141
1837,467,0.39,0.11466,1.0193
1838,467,0.39,0.11466,1.0193
1839,468,0.45167,0.15971,1.0389
1840,468,0.44333,0.16099,1.0125
1841,468,0.45,0.15177,0.98839
1842,469,0.29,0.087634,0.99593
1843,469,0.23,0.06784,0.93622
1844,469,0.24,0.061869,0.9139
1845,470,0.4775,0.15245,1.0521
1846,470,0.43,0.14108,1.0031
1847,470,0.53,0.16059,1.078
1848,470,0.435,0.13679,1.144
1849,471,0.43,0.13747,0.86655
1850,471,0.445,0.14916,0.82713
1851,471,0.45,0.15305,0.81399
1852,472,0.375,0.13304,1.1141
1853,472,0.315,0.1194,1.1322
1854,472,0.255,0.10577,1.1503
1855,473,0,0,0
1856,473,0,0,0
1857,473,0,0,0
1858,473,0,0,0
1859,473,0,0,0
1860,473,0,0,0
1861,473,0,0,0
1862,473,0,0,0
1863,473,0,0,0
1864,473,0,0,0
1865,474,0,0,0
1866,474,0,0,0
1867,474,0,0,0
1868,474,0,0,0
1869,474,0,0,0
1870,474,0,0,0
1871,475,0,0,0
1872,475,0,0,0
1873,475,0,0,0
1874,475,0,0,0
1875,475,0,0,0
1876,475,0,0,0
1877,475,0,0,0
1878,475,0,0,0
1879,476,0,0,0
1880,476,0,0,0
1881,476,0,0,0
1882,476,0,0,0
1883,476,0,0,0
1884,476,0,0,0
1885,476,0,0,0
1886,476,0,0,0
1887,476,0,0,0
1888,477,0.17,0.054792,0.93284
1889,477,0.17,0.054467,0.87168
1890,478,2.925,2.3438,3.9221
1891,478,2.925,2.3438,3.9221
1892,478,2.775,2.283,3.8923
1893,478,2.775,2.283,3.8923
1894,478,2.55,1.9989,3.8795
1895,478,2.325,1.7148,3.8667
1896,479,0.11,0.043817,0.8435
1897,479,0.33,0.079871,0.87242
1898,480,0.35,0.18105,1.0049
1899,480,0.56333,0.21531,1.1285
1900,480,0.51,0.19364,1.0948
1901,481,1.125,0.82584,1.8149
1902,481,1.245,0.75325,1.9078
1903,481,1.29,0.85722,2.0804
1904,481,1.63,0.92673,2.4554
1905,481,2.3875,0.86485,3.8889
1906,481,3.2,0.79768,4.8935
1907,482,2.125,1.5048,3.2584
1908,482,1.725,1.1708,2.7157
1909,482,2.025,1.084,2.8219
1910,482,2.025,1.084,2.8219
1911,483,0.35,0.103,2.9752
1912,483,0.35,0.103,2.9752
1913,484,0,0,0
1914,484,0,0,0
1915,484,0,0,0
1916,484,0,0,0
1917,485,0,0,0
1918,485,0,0,0
1919,485,0,0,0
1920,485,0,0,0
1921,485,0,0,0
1922,485,0,0,0
1923,485,0,0,0
1924,485,0,0,0
1925,486,0.225,0.075794,0.38405
1926,486,0.225,0.075794,0.38405
1927,487,0,0,0
1928,487,0,0,0
1929,487,0,0,0
1930,487,0,0,0
1931,487,0,0,0
1932,488,0,0,0
1933,488,0,0,0
1934,488,0,0,0
1935,488,0,0,0
1936,488,0,0,0
1937,488,0,0,0
1938,488,0,0,0
1939,488,0,0,0
1940,488,0,0,0
1941,489,1.425,0.51495,2.0821
1942,489,1.425,0.51495,2.0821
1943,490,0.945,0.41522,1.77
1944,490,0.945,0.41522,1.77
1945,491,0.825,0.12193,1.5348
1946,491,1.065,0.50576,1.8066
1947,491,1.065,0.50576,1.8066
1948,492,1.185,0.71632,2.2108
1949,492,1.185,0.71632,2.2108
1950,492,0.725,0.34724,2.045
1951,493,0.885,0.55647,1.8522
1952,493,0.885,0.55647,1.8522
1953,493,0.885,0.55647,1.8522
1954,494,0.35,0.090284,0.66993
1955,494,0.38,0.10872,0.69524
1956,495,0.13,0.045125,0.94113
1957,495,0.13,0.045125,0.94113
1958,496,0.51,0.16159,1.0958
1959,496,0.48,0.157,1.0748
1960,496,0.42333,0.14125,0.96929
1961,496,0.38,0.13164,0.91607
1962,496,0.39,0.12925,0.92449
1963,496,0.43667,0.1485,0.95518
1964,496,0.6525,0.19099,1.203
1965,496,0.81167,0.23887,1.5522
1966,496,0.725,0.26229,1.7692
1967,497,0.41,0.15531,1.0365
1968,497,0.50333,0.16824,1.0321
1969,497,0.47,0.17356,1.0188
1970,497,0.5925,0.21247,1.144
1971,498,0.53,0.17273,1.0308
1972,498,0.53,0.17273,1.0308
1973,499,0.41,0.19206,1.1011
1974,499,0.52,0.20736,1.1098
1975,499,0.63,0.22267,1.1184
1976,499,0.65,0.24524,1.1887
1977,499,0.65,0.24524,1.1887
1978,500,0.43,0.13065,0.93389
1979,500,0.385,0.12693,0.92122
1980,501,0.375,0.11898,1.1138
1981,501,0.355,0.11265,1.088
1982,501,0.375,0.10961,1.0886
1983,501,0.405,0.10973,1.102
1984,502,0.855,0.27251,1.6537
1985,502,0.855,0.27251,1.6537
1986,503,0.225,0.093663,1.3395
1987,503,0.225,0.093663,1.3395
1988,504,1.825,0.67015,2.7992
1989,504,1.825,0.67015,2.7992
1990,505,1.475,0.83296,2.7175
1991,505,1.475,0.83296,2.7175
1992,506,0.95,0.33269,3.447
1993,506,0.825,0.33123,3.4542
1994,507,0.35,0.085047,0.80313
1995,507,0.425,0.16481,0.82215
1996,507,0.47,0.19119,0.84516
1997,508,0.615,0.22486,1.2898
1998,508,0.615,0.22486,1.2898
1999,509,0.725,0.34775,1.8429
2000,509,0.725,0.34775,1.8429
2001,510,0.675,0.26561,1.5204
2002,510,0.615,0.19111,1.3776
2003,511,0.705,0.21668,1.4127
2004,511,0.705,0.21668,1.4127
2005,512,0.2025,0.0657,0.32623
2006,512,0.1975,0.07044,0.32867
2007,513,0.495,0.15704,1.1668
2008,513,0.495,0.15704,1.1668
2009,514,0.1875,0.06402,0.32104
2010,514,0.1875,0.06402,0.32104
2011,515,0.585,0.21934,1.2613
2012,515,0.585,0.21934,1.2613
2013,516,0.315,0.094825,1.0388
2014,516,0.23,0.077507,0.92308
2015,516,0.22,0.073619,0.92709
2016,517,0.39,0.13527,1.0138
2017,517,0.795,0.27649,1.2854
2018,518,0.645,0.24595,1.2595
2019,518,0.645,0.24595,1.2595
2020,519,0.555,0.19669,1.2021
2021,519,0.615,0.24061,1.3646
2022,519,0.69,0.24568,1.4256
2023,520,0,0,0
2024,520,0,0,0
2025,520,0,0,0
2026,521,0,0,0
2027,521,0,0,0
2028,522,0,0,0
2029,522,0,0,0
2030,522,0,0,0
2031,522,0,0,0
2032,522,0,0,0
2033,522,0,0,0
2034,522,0,0,0
2035,522,0,0,0
2036,522,0,0,0
2037,523,0.25,0.081285,3.9328
2038,523,0.4,0.10723,3.9822
2039,523,0.45,0.12489,4.0449
2040,523,0.35,0.11661,4.0583
2041,524,1.05,0.34024,4.2254
2042,524,1.25,0.57462,3.9152
2043,525,0,0,0
2044,525,0,0,0
2045,525,0,0,0
2046,526,0.43,0.14648,0.75495
2047,526,0.402,0.14209,0.75637
2048,526,0.39,0.12886,0.72528
2049,527,0.29,0.088182,0.66976
2050,527,0.338,0.09687,0.67437
2051,527,0.35,0.10782,0.67594
2052,528,0,0,0
2053,528,0,0,0
2054,528,0,0,0
2055,528,0,0,0
2056,528,0,0,0
2057,528,0,0,0
2058,528,0,0,0
2059,528,0,0,0
2060,529,0,0,0
2061,529,0,0,0
2062,529,0,0,0
2063,529,0,0,0
2064,529,0,0,0
2065,529,0,0,0
2066,530,0,0,0
2067,530,0,0,0
2068,530,0,0,0
2069,530,0,0,0
2070,531,0.765,0.28326,1.3991
2071,531,0.765,0.28326,1.3991
2072,532,1.38,0.64308,2.089
2073,532,1.41,0.69598,2.1105
2074,532,1.455,0.71641,2.122
2075,532,1.375,0.74351,2.2679
2076,533,1.515,0.71509,2.1523
2077,533,1.6483,0.72811,2.3359
2078,533,1.575,0.72773,2.3334
2079,533,2.075,0.77361,2.7208
2080,533,2.175,0.75412,2.8182
2081,534,1.185,0.61334,1.8383
2082,534,1.155,0.58248,1.8236
2083,534,1.285,0.67166,2.0004
2084,534,1.17,0.61561,1.8802
2085,534,1.065,0.49808,1.8049
2086,535,0.31,0.08148,0.9374
2087,535,0.31,0.089598,0.90783
2088,535,0.33,0.10365,0.92386
2089,536,0,0,0
2090,536,0,0,0
2091,536,0,0,0
2092,536,0,0,0
2093,536,0,0,0
2094,536,0,0,0
2095,536,0,0,0
2096,537,0,0,0
2097,537,0,0,0
2098,537,0,0,0
2099,537,0,0,0
2100,537,0,0,0
2101,537,0,0,0
2102,537,0,0,0
2103,538,0,0,0
2104,538,0,0,0
2105,538,0,0,0
2106,538,0,0,0
2107,539,0,0,0
2108,539,0,0,0
2109,539,0,0,0
2110,539,0,0,0
2111,540,0,0,0
2112,540,0,0,0
2113,540,0,0,0
2114,540,0,0,0
2115,541,0.705,0.26402,1.3437
2116,541,0.8175,0.26684,1.3945
2117,541,0.741,0.26021,1.3442
2118,541,0.66,0.25052,1.2772
2119,541,0.705,0.2594,1.3097
2120,542,0.043,0.016036,0.081222
2121,542,0.059,0.021452,0.085549
2122,542,0.055,0.021479,0.085053
2123,542,0.053,0.021492,0.084805
2124,543,1.075,0.44077,2.0344
2125,543,0.98,0.42928,1.7757
2126,543,0.885,0.41779,1.517
2127,543,0.765,0.30445,1.5098
2128,544,0.435,0.16895,1.4955
2129,544,0.475,0.19755,1.4584
2130,544,0.495,0.21184,1.4399
2131,545,0.15,0.043824,0.93127
2132,545,0.465,0.11841,1.1185
2133,546,0.705,0.24921,1.2273
2134,546,0.39667,0.13086,0.95123
2135,546,0.38,0.1307,0.92492
2136,546,0.39,0.13032,0.91453
2137,546,0.55,0.22479,1.1144
2138,547,1.25,0.64995,3.4519
2139,547,1.425,0.63787,2.7869
2140,548,0.38,0.12568,0.73214
2141,548,0.39667,0.1303,0.73172
2142,548,0.38333,0.11895,0.70547
2143,549,0,0,0
2144,549,0,0,0
2145,549,0,0,0
2146,549,0,0,0
2147,549,0,0,0
2148,549,0,0,0
2149,549,0,0,0
2150,549,0,0,0
2151,549,0,0,0
2152,549,0,0,0
2153,549,0,0,0
2154,549,0,0,0
2155,549,0,0,0
2156,549,0,0,0
2157,549,0,0,0
2158,550,0.57,0.19583,1.2498
2159,550,0.545,0.19349,1.2423
2160,551,0.55,0.22614,1.0658
2161,551,0.59,0.22558,1.0992
2162,551,0.61,0.21746,1.1043
2163,551,0.39,0.15069,1.0265
2164,552,0,0,0
2165,552,0,0,0
2166,553,0,0,0
2167,553,0,0,0
2168,554,0,0,0
2169,554,0,0,0
2170,555,0,0,0
2171,555,0,0,0
2172,555,0,0,0
2173,556,0.925,0.32408,1.9619
2174,556,1.1583,0.36568,1.9922
2175,556,1.1583,0.40979,1.9297
2176,556,1.025,0.39849,1.9081
2177,557,0.585,0.18187,1.1732
2178,557,0.39,0.13156,1.0448
2179,558,0.48,0.1762,1.1104
2180,558,0.43,0.15017,1.0453
2181,559,0.053,0.017777,0.082425
2182,559,0.053,0.017777,0.082425
2183,560,0.805,0.33507,1.5428
2184,560,0.965,0.38428,1.6025
2185,560,1.24,0.43977,2.1227
2186,560,1.475,0.46495,2.6117
2187,561,0.405,0.10161,1.0983
2188,561,0.405,0.10161,1.0983
2189,561,0.405,0.10161,1.0983
2190,562,0.30167,0.10602,0.53728
2191,562,0.31,0.11176,0.54654
2192,562,0.27,0.093085,0.5215
2193,562,0.245,0.082445,0.50393
2194,562,0.305,0.097502,0.53047
2195,563,0.555,0.14869,1.1416
2196,563,0.555,0.14869,1.1416
2197,564,0.31,0.09977,0.7405
2198,564,0.26714,0.081362,0.72924
2199,564,0.25,0.073998,0.72474
2200,565,0.1925,0.072043,0.32659
2201,565,0.20625,0.073834,0.3309
2202,565,0.21917,0.080935,0.33483
2203,565,0.1985,0.07899,0.33155
2204,565,0.2125,0.07859,0.33537
2205,565,0.2075,0.074599,0.32957
2206,565,0.1925,0.070141,0.32311
2207,565,0.2075,0.075197,0.32839
2208,566,0.049,0.017736,0.081739
2209,566,0.048333,0.017751,0.081897
2210,566,0.047,0.017759,0.0823
2211,566,0.047,0.017691,0.082553
2212,566,0.049,0.01765,0.082159
2213,566,0.051,0.017562,0.081674
2214,567,0.135,0.056641,0.98463
2215,567,0.135,0.056641,0.98463
2216,568,0,0,0
2217,568,0,0,0
2218,568,0,0,0
2219,569,0,0,0
2220,569,0,0,0
2221,569,0,0,0
2222,570,0,0,0
2223,570,0,0,0
2224,570,0,0,0
2225,570,0,0,0
2226,570,0,0,0
2227,571,0.42,0.12799,1.1181
2228,571,0.45,0.1279,1.0956
2229,571,0.525,0.16261,1.1221
2230,571,0.735,0.29717,1.3937
2231,571,0.735,0.3233,1.4915
2232,571,0.765,0.2873,1.4219
2233,571,0.975,0.38096,1.819
2234,572,0,0,0
2235,572,0,0,0
2236,573,0,0,0
2237,573,0,0,0
2238,574,0,0,0
2239,574,0,0,0
2240,575,0.39,0.11761,0.96017
2241,575,0.44,0.12376,0.95503
2242,575,0.44333,0.14579,1.0113
2243,576,0.25,0.087016,3.0153
2244,576,0.25,0.085871,2.9822
2245,576,0.25,0.083579,2.916
2246,577,0,0,0
2247,577,0,0,0
2248,578,0,0,0
2249,578,0,0,0
2250,578,0,0,0
2251,579,0.35,0.099149,0.9787
2252,579,0.35,0.099149,0.9787
2253,579,0.35,0.13116,0.9873
2254,580,2.15,1.2823,4.0914
2255,580,1.925,1.0259,3.5131
2256,581,1.325,0.73897,3.0386
2257,581,1.325,0.73897,3.0386
2258,581,1.325,0.66942,3.1406
2259,581,1.875,1.0456,3.3621
2260,581,1.875,1.0456,3.3621
2261,582,0.1675,0.062598,0.25432
2262,582,0.1575,0.057221,0.24939
2263,583,0.795,0.37348,1.551
2264,583,0.795,0.37348,1.551
2265,584,0.69,0.28443,1.323
2266,584,0.78,0.32991,1.4088
2267,584,0.9,0.35913,1.4867
2268,584,0.84,0.35715,1.3938
2269,584,0.765,0.34834,1.326
2270,584,1.02,0.3808,1.6052
2271,585,0.1575,0.053351,0.2473
2272,585,0.15083,0.05479,0.24753
2273,586,0.39,0.10915,1.0323
2274,586,0.41667,0.12181,1.0384
2275,586,0.47,0.16912,1.1004
2276,587,0.43,0.14787,1.0411
2277,587,0.49,0.18371,1.0654
2278,588,0.615,0.23625,1.1932
2279,588,0.595,0.22056,1.2191
2280,588,0.705,0.24956,1.2722
2281,589,0.78875,0.34288,1.4815
2282,589,0.65,0.30957,1.2407
2283,590,0.435,0.16395,1.1715
2284,590,0.465,0.15126,1.1537
2285,591,0.42,0.12707,0.95731
2286,591,0.485,0.16254,1.0321
2287,592,0.45,0.14986,1.0182
2288,592,0.46,0.13395,1.028
2289,593,0.49083,0.10982,1.0619
2290,593,0.47,0.18481,1.0928
2291,594,0,0,0
2292,594,0,0,0
2293,594,0,0,0
2294,594,0,0,0
2295,595,1.775,0.31154,2.1552
2296,595,1.285,0.30512,1.7855
2297,595,0.795,0.2987,1.4159
2298,596,1.625,0.58745,2.1724
2299,596,1.375,0.5894,1.9549
2300,596,1.125,0.59135,1.7374
2301,596,0.825,0.42607,1.4911
2302,597,0.39,0.13507,0.98956
2303,597,0.39,0.13507,0.98956
2304,598,0,0,0
2305,598,0.3675,0.11831,0.79559
2306,598,0,0,0
2307,599,0,0,0
2308,599,0,0,0
2309,600,0,0,0
2310,600,0,0,0
2311,601,0.295,0.086394,0.58299
2312,601,0.29167,0.090258,0.57643
2313,601,0.297,0.098949,0.58461
2314,601,0.325,0.11497,0.60889
2315,602,0,0,0
2316,602,0,0,0
2317,603,0,0,0
2318,603,0,0,0
2319,604,0.36,0.13457,1.4689
2320,604,0.435,0.17306,1.4714
2321,604,0.465,0.17913,1.4114
2322,604,0.495,0.18779,1.3982
2323,604,0.435,0.18147,1.4239
2324,604,0.48,0.18703,1.4526
2325,604,0.555,0.19388,1.4974
2326,605,0.615,0.2472,1.2133
2327,605,0.595,0.22678,1.2667
2328,605,0.615,0.24479,1.2648
2329,606,0.6,0.2383,1.2474
2330,606,0.6075,0.25014,1.2162
2331,607,0.675,0.23146,1.249
2332,607,0.5475,0.20873,1.1485
2333,607,0.585,0.2171,1.1995
2334,607,0.585,0.19126,1.1924
2335,608,0.39,0.10823,0.9171
2336,608,0.33,0.10119,0.8709
2337,608,0.27,0.09415,0.8247
2338,608,0.39,0.12674,0.95738
2339,609,0.825,0.28944,1.4297
2340,609,0.717,0.28233,1.2635
2341,609,0.67875,0.2485,1.2237
2342,609,0.63,0.25186,1.2404
2343,610,0.975,0.30104,2.4064
2344,610,0.885,0.29473,2.0118
2345,610,0.795,0.28841,1.6172
2346,611,0.525,0.19624,1.8318
2347,611,0.525,0.19624,1.8318
2348,611,0.525,0.19624,1.8318
2349,612,1.095,0.5547,1.7323
2350,612,0.6,0.29908,1.568
2351,612,0.315,0.11544,1.4596
2352,612,0.795,0.3416,1.5886
2353,612,0.825,0.34129,1.7812
2354,612,1.155,0.5054,1.9787
2355,612,1.395,0.65178,2.1026
2356,613,0,0,0
2357,613,0,0,0
2358,613,0,0,0
2359,613,0,0,0
2360,613,0,0,0
2361,613,0,0,0
2362,613,0,0,0
2363,613,0,0,0
2364,613,0,0,0
2365,614,0,0,0
2366,614,0,0,0
2367,614,0,0,0
2368,615,0,0,0
2369,615,0,0,0
2370,615,0,0,0
2371,615,0,0,0
2372,615,0,0,0
2373,615,0,0,0
2374,615,0,0,0
2375,615,0,0,0
2376,616,0,0,0
2377,616,0,0,0
2378,616,0,0,0
2379,617,0.645,0.27362,1.2841
2380,617,0.5475,0.21715,1.1871
2381,617,0.45,0.16067,1.0902
2382,618,0,0,0
2383,618,0,0,0
2384,619,0.495,0.15587,1.3945
2385,619,0.56,0.18533,1.6203
2386,619,0.625,0.2148,1.8461
2387,620,2.85,1.7378,5.1849
2388,620,2.85,1.7378,5.1849
2389,621,1.05,0.42825,4.6518
2390,621,1.05,0.42825,4.6518
2391,622,1.975,1.1659,3.2499
2392,622,1.975,1.1659,3.2499
2393,623,3.55,1.8882,5.2782
2394,623,1.65,0.86568,5.0654
2395,624,0.585,0.20119,1.2904
2396,624,0.735,0.32062,1.4757
2397,625,0,0,0
2398,625,0,0,0
2399,626,0,0,0
2400,626,0,0,0
2401,627,2.475,1.6787,3.4607
2402,627,2.835,2.1858,3.583
2403,628,0.38,0.12164,0.93392
2404,628,0.445,0.14591,0.96136
2405,628,0.59,0.20845,1.1148
2406,628,0.56,0.19288,1.0721
2407,628,0.55,0.19522,1.0675
2408,628,0.47667,0.1647,1.0144
2409,628,0.45,0.14064,0.95631
2410,628,0.33,0.10695,0.90318
2411,628,0.41,0.1262,0.96537
2412,629,2.175,1.4759,3.4514
2413,629,1.975,1.228,3.4589
2414,629,1.875,1.1041,3.4626
2415,630,3.25,2.1486,4.9983
2416,630,2.9875,1.9393,4.3172
2417,630,2.725,1.73,3.6361
2418,631,0.25,0.086746,0.90253
2419,631,0.24,0.075917,0.85767
2420,631,0.33,0.098965,0.88218
2421,631,0.44,0.13749,0.94921
2422,631,0.45,0.14215,0.94686
2423,632,0.41,0.14549,0.74336
2424,632,0.51,0.16551,0.78915
2425,632,0.52,0.17058,0.80298
2426,632,0.51,0.18528,0.83895
2427,632,0.57,0.19157,0.86169
2428,633,0.36333,0.11257,0.69222
2429,633,0.35,0.11683,0.69597
2430,634,0.35,0.12648,0.9581
2431,634,0.42,0.13801,1.002
2432,634,0.49,0.14954,1.0459
2433,635,1.9,0.83796,2.6676
2434,635,2.225,0.88542,2.931
2435,635,2,0.89141,2.7409
2436,635,1.455,0.72987,2.2379
2437,635,1.335,0.70975,2.0643
2438,635,1.5,0.82504,2.1913
2439,635,1.605,0.87886,2.2169
2440,635,1.395,0.8118,1.9957
2441,635,1.365,0.71834,2.0797
2442,636,0.765,0.33916,1.531
2443,636,0.795,0.3699,1.5403
2444,636,0.855,0.40084,1.5358
2445,636,0.87,0.45275,1.5707
2446,636,0.885,0.42998,1.5959
2447,637,1.075,0.7631,3.0615
2448,637,1.075,0.7631,3.0615
2449,638,0.405,0.13618,1.4115
2450,638,0.675,0.22822,1.5869
2451,639,0.825,0.24235,1.6247
2452,639,0.915,0.23929,1.6559
2453,640,0.33,0.08414,0.64523
2454,640,0.33,0.090706,0.66191
2455,640,0.29,0.089853,0.66476
2456,641,0.47,0.15599,1.0117
2457,641,0.55,0.21234,1.1078
2458,641,0.634,0.23447,1.2205
2459,641,0.64125,0.23599,1.1634
2460,641,0.717,0.22991,1.1954
2461,641,0.474,0.20449,1.048
2462,642,0.765,0.32031,1.4498
2463,642,1.035,0.50568,1.6862
2464,642,0.99,0.51465,1.6828
2465,642,1.035,0.57126,1.7163
2466,642,1.125,0.61889,1.7531
2467,642,0.945,0.51637,1.6724
2468,642,1.275,0.60482,1.88
2469,642,1.275,0.60482,1.88
2470,643,0.975,0.41516,1.581
2471,643,0.815,0.35191,1.4623
2472,643,0.855,0.40174,1.623
2473,643,1.225,0.50118,2.2182
2474,643,1.275,0.5312,2.2683
2475,643,1.725,0.50467,2.721
2476,644,1.115,0.5572,1.7873
2477,644,1.115,0.59918,1.7936
2478,644,1.275,0.71024,2.0082
2479,644,1.515,0.76846,2.1791
2480,644,1.53,0.7402,2.1465
2481,644,1.78,0.77182,2.4629
2482,644,2.1,0.84068,2.8707
2483,645,1.125,0.56158,2.6382
2484,645,1.025,0.62586,2.5422
2485,645,0.875,0.48378,2.4455
2486,645,0.975,0.55454,2.5262
2487,646,0.38,0.13241,0.95187
2488,646,0.39,0.13562,0.95699
2489,646,0.39,0.13106,0.9762
2490,647,0.675,0.30396,1.2831
2491,647,0.645,0.24881,1.2821
2492,647,0.615,0.19366,1.281
2493,648,0.675,0.26414,2.4557
2494,648,0.425,0.15035,2.2643
2495,648,0.425,0.15447,2.2132
2496,648,0.325,0.11768,2.2371
2497,648,0.575,0.19867,2.05
2498,648,0.9,0.31386,1.9045
2499,649,0.6,0.23057,1.462
2500,649,0.565,0.19363,1.1885
2501,650,7.65,5.7641,9.7764
2502,650,6,3.4544,9.1397
2503,650,5.5,2.89,8.9535
2504,650,3.6,2.6511,8.8938
2505,650,5.525,3.8737,9.0842
2506,651,4.4333,2.6639,8.0362
2507,651,2.7,2.5204,7.8343
2508,651,4.95,3.5475,7.6068
2509,651,4.15,3.5877,7.095
2510,652,5.65,3.3056,6.6484
2511,652,5.45,3.2527,6.4029
2512,652,5.05,2.9407,6.0307
2513,652,4.85,2.6816,5.9041
2514,652,4.45,2.5152,5.8606
2515,653,6.1,5.3904,10.49
2516,653,6,5.2411,10.551
2517,653,5.9,5.0917,10.612
2518,654,0.435,0.17981,1.3456
2519,654,0.435,0.17981,1.3456
2520,655,4.075,3.1458,5.2799
2521,655,4.825,3.7012,5.5084
2522,655,4.7,3.6048,5.4446
2523,655,4.575,3.5083,5.3808
2524,655,4.825,3.7274,5.4191
2525,655,4.575,3.7545,5.4118
2526,655,4.575,3.7545,5.4118
2527,655,4.695,4.0225,5.4149
2528,655,4.575,3.9155,5.3671
2529,655,4.905,4.2126,5.5672
2530,655,4.905,4.2126,5.5672
2531,655,5.085,4.2795,5.7111
2532,656,1.45,0.83415,4.5667
2533,656,2.15,1.4222,4.4783
2534,657,4.175,2.9762,5.1117
2535,657,4.175,2.9762,5.1117
2536,658,0.41,0.12894,0.76808
2537,658,0.39,0.13656,0.72982
2538,658,0.38,0.12735,0.74349
2539,659,0.725,0.25274,2.1642
2540,659,0.61,0.2148,1.8606
2541,659,0.495,0.17686,1.557
2542,659,0.495,0.17686,1.557
2543,660,0.37,0.11918,0.70874
2544,660,0.35,0.097942,0.67598
2545,661,0.35,0.098058,0.67127
2546,661,0.35,0.098058,0.67127
2547,662,0.35,0.098394,0.67729
2548,662,0.31,0.092701,0.67029
2549,662,0.3,0.092899,0.66858
2550,662,0.35,0.10264,0.6873
2551,663,0.255,0.078892,1.045
2552,663,0.255,0.078892,1.045
2553,664,0.165,0.070705,1.1836
2554,664,0.165,0.070705,1.1836
2555,665,0.48,0.1506,1.0377
2556,665,0.485,0.16034,1.0561
2557,665,0.51,0.18984,1.1395
2558,665,0.625,0.20903,1.2274
2559,666,0.735,0.2547,1.33
2560,666,0.775,0.30143,1.3855
2561,666,0.87,0.347,1.6602
2562,667,0.645,0.24353,1.3607
2563,667,0.6,0.23085,1.2791
2564,667,0.56667,0.21373,1.1708
2565,667,0.59,0.20484,1.1173
2566,667,0.462,0.17372,1.0434
2567,667,0.48333,0.16691,1.0589
2568,668,0.59,0.22059,1.1534
2569,668,0.56333,0.21042,1.1564
2570,668,0.58,0.21256,1.1352
2571,668,0.645,0.24567,1.2112
2572,668,0.625,0.22707,1.2078
2573,668,0.695,0.23147,1.3166
2574,669,0.495,0.18148,1.1333
2575,669,0.37,0.11579,1.0305
2576,670,0.3175,0.10585,0.6563
2577,670,0.33,0.11103,0.63693
2578,670,0.3425,0.10528,0.68602
2579,670,0.4,0.12915,0.76653
2580,670,0.47,0.15606,0.80362
2581,670,0.48,0.16001,0.79784
2582,671,0.41,0.13676,0.87042
2583,671,0.41,0.1391,0.92112
2584,672,0.35,0.099864,0.67791
2585,672,0.315,0.10125,0.67297
2586,672,0.38,0.12446,0.72005
2587,673,3.75,2.4465,6.4502
2588,673,3.75,2.4465,6.4502
2589,674,1.95,1.4018,5.0674
2590,674,1.95,1.4018,5.0674
2591,675,1.75,1.3347,4.9961
2592,675,1.75,1.3347,4.9961
2593,676,1.85,1.3108,4.5246
2594,676,1.95,1.4253,4.5796
2595,676,1.65,1.2612,4.6543
2596,677,0.35,0.26868,2.7801
2597,677,0.35,0.26868,2.7801
2598,678,4.975,4.1585,5.9633
2599,678,4.925,4.1754,5.9197
2600,678,4.875,4.0945,5.885
2601,678,4.575,4.002,5.9116
2602,679,1.15,0.40564,3.166
2603,679,1.15,0.40564,3.166
2604,680,1.75,1.0024,3.9482
2605,680,0.45,0.25253,3.6371
2606,680,0.75,0.2549,3.6058
2607,681,2.9167,1.5868,5.3036
2608,681,2.65,1.2485,5.2737
2609,681,2.15,1.0072,5.1168
2610,682,0.41,0.14371,0.75004
2611,682,0.51667,0.17328,0.805
2612,682,0.48,0.17243,0.80203
2613,683,0,0,0
2614,683,0,0,0
2615,683,0,0,0
2616,683,0,0,0
2617,683,0,0,0
2618,683,0,0,0
2619,683,0,0,0
2620,683,0,0,0
2621,683,0,0,0
2622,683,0,0,0
2623,683,0,0,0
2624,683,0,0,0
2625,684,0.1525,0.047676,0.23968
2626,684,0.15,0.049946,0.24267
2627,684,0.15417,0.057016,0.25203
2628,684,0.1575,0.057118,0.25259
2629,685,0,0,0
2630,685,0,0,0
2631,685,0,0,0
2632,686,0,0,0
2633,686,0,0,0
2634,687,1.125,0.51542,2.9463
2635,687,1.175,0.51982,2.759
2636,687,0.825,0.34975,2.6877
2637,687,0.725,0.31527,2.632
2638,687,0.825,0.38533,2.6449
2639,687,1.225,0.75201,2.6535
2640,687,1.325,0.81905,2.7578
2641,687,1.425,0.88609,2.8622
2642,688,1.575,0.9516,2.8443
2643,688,1.825,1.0295,2.9193
2644,688,1.225,0.68301,2.7957
2645,688,0.475,0.26252,2.756
2646,688,0.6,0.37819,2.8506
2647,689,0.675,0.3594,2.2121
2648,689,0.675,0.3594,2.2121
2649,689,1.125,0.83768,2.3019
2650,690,0.53,0.1827,1.0574
2651,690,0.49833,0.18706,1.1349
2652,690,0.5525,0.21535,1.1104
2653,690,0.56,0.22912,1.0812
2654,690,0.58,0.23005,1.1205
2655,690,0.55,0.21393,1.0921
2656,690,0.5475,0.20426,1.1185
2657,690,0.52333,0.17212,1.0339
2658,690,0.54833,0.18871,1.1088
2659,691,0.59,0.19144,1.112
2660,691,0.23,0.082916,0.98295
2661,692,0,0,0
2662,692,0,0,0
2663,692,0,0,0
2664,692,0,0,0
2665,692,0,0,0
2666,692,0,0,0
2667,692,0,0,0
2668,692,0,0,0
2669,693,1.175,0.56804,2.3679
2670,693,0.825,0.34475,2.2657
2671,693,0.625,0.23366,1.9395
2672,693,0.4,0.14964,1.7483
2673,693,0.175,0.058985,1.5532
2674,694,0.195,0.080821,1.1108
2675,694,0.195,0.080821,1.1108
2676,695,0.6,0.20894,1.2537
2677,695,0.69,0.26396,1.2932
2678,695,0.705,0.27997,1.3294
2679,695,0.735,0.29483,1.3795
2680,695,0.735,0.29463,1.4041
2681,695,0.705,0.2808,1.402
2682,696,0.37,0.12195,0.98365
2683,696,0.37,0.12195,0.98365
2684,697,1.0425,0.37926,1.7954
2685,697,0.975,0.38123,1.9187
2686,697,0.915,0.35685,1.5629
2687,697,0.855,0.32641,1.4944
2688,697,0.8475,0.33077,1.4901
2689,697,0.717,0.27504,1.3577
2690,697,0.785,0.2686,1.3685
2691,697,0.69,0.254,1.2937
2692,697,0.585,0.18711,1.1526
2693,697,0.48,0.15534,1.1387
2694,698,0.585,0.1842,1.2165
2695,698,0.165,0.058016,1.092
2696,699,0.675,0.25574,1.2374
2697,699,0.65875,0.24431,1.2161
2698,699,0.68125,0.23918,1.2617
2699,700,2.85,1.862,4.2059
2700,700,2.8417,1.7713,3.7393
2701,700,2.775,1.8525,3.5918
2702,701,1.525,0.8887,2.7393
2703,701,0.975,0.19603,2.6682
2704,702,0.235,0.095148,0.66644
2705,702,0.25167,0.089342,0.65508
2706,702,0.285,0.07773,0.63236
2707,703,0.25,0.071031,0.83974
2708,703,0.45,0.15072,1.0388
