%slip deficit rates and upper and lower 95 confidence bounds (mm/yr) for subsections in model:  crustal CFM 0.9 SansTVZ Stirling 2010 depths
%columns indicate:  sectionId, parentSectionId, slip deficit rate (most probable rate), lower 95 confidence level, upper 95 confidence level 
%xml files for subsection definitions: https://github.com/GNS-Science/nzshm-opensha/issues/27
0,0,1.775,0.94897,3.0656
1,0,1.775,0.94897,3.0656
2,1,0.625,0.21848,1.9034
3,1,0.955,0.40836,2.3228
4,1,1.1875,0.49467,2.49
5,2,0.295,0.044394,0.3
6,2,0.295,0.044394,0.3
7,3,1.525,1.0351,3.3534
8,3,1.525,1.0351,3.3534
9,4,0.7,0.21718,5.4121
10,4,0.9,0.31091,6.1662
11,4,0.9,0.2908,7.0306
12,5,0.23,0.21,0.32
13,5,0.35,0.26,0.57
14,5,0.4,0.31,0.65
15,5,0.02,0.01,0.03
16,5,0.02,0.01,0.03
17,5,0.14,0.1,0.24
18,5,0.4,0.1,0.4
19,5,0.4,0.1,0.4
20,5,0.4,0.1,0.4
21,6,0.17,0.12,0.23
22,6,0.35,0.21,0.49
23,6,0.43,0.39,0.72
24,6,0.4,0.1,0.4
25,6,0,0,0
26,6,0,0,0
27,6,0.3,0.2,0.4
28,6,0.1,0.05,0.14
29,6,0.1,0.005,0.2
30,7,0.195,0.060662,1.1865
31,7,0.36,0.12393,1.4526
32,8,0.13,0.1,0.16
33,8,0.34,0.2,0.49
34,8,0.8,0.6,1
35,8,0.03,0.02,0.04
36,8,0.65,0.43,0.87
37,8,0.17,0.13,0.21
38,8,0.02,0.02,0.02
39,8,0.04,0.02,0.1
40,8,0.19,0.05,0.19
41,8,0.2,0.1,0.3
42,9,0.16,0.1,0.3
43,9,0.07,0.01,0.13
44,9,0.5,0.2,0.8
45,9,0.03,0.01,0.05
46,9,0.05,0.04,0.07
47,10,0.575,0.21302,2.03
48,10,0.9,0.37181,2.2831
49,10,1.625,0.8179,2.878
50,10,2.175,1.1443,3.2408
51,11,1.05,0.45204,3.529
52,11,0.85,0.42083,3.5252
53,12,0.475,0.20912,2.3642
54,12,0.475,0.20912,2.3642
55,13,19.05,15.796,21.14
56,13,18.75,15.147,20.217
57,14,20.35,16.745,22.587
58,14,20.25,16.854,22.384
59,14,20.05,17.07,21.977
60,15,19.3,14.287,22.331
61,15,18.1,15.135,22.743
62,16,3.1,1.4457,6.7758
63,16,5.3,1.1778,6.6519
64,17,24.883,21.513,26.518
65,17,24.675,22.324,26.255
66,17,24.9,22.99,26.461
67,17,25.375,22.411,26.641
68,17,25.983,22.44,27.127
69,17,28.65,25.536,29.766
70,17,28.6,24.215,29.636
71,17,29.025,26.065,30.186
72,17,28.95,25.958,30.265
73,17,29.35,25.837,30.484
74,17,28.85,25.962,30.389
75,18,24.925,23.491,26.197
76,18,24.275,23.29,25.559
77,18,24.925,24.064,26.343
78,18,24.65,23.725,25.891
79,18,24.775,23.918,26.069
80,18,25.025,24.119,26.21
81,18,25.275,24.319,26.352
82,18,28.325,27.393,29.498
83,18,29.725,28.775,30.854
84,18,30.525,29.514,31.643
85,18,30.475,29.516,31.591
86,18,30.3,29.287,31.437
87,18,30.125,29.057,31.283
88,18,29.975,28.784,30.838
89,18,29.725,28.69,30.797
90,18,28.925,27.892,29.921
91,18,24.925,23.743,25.891
92,18,23.85,22.68,24.871
93,18,22.775,21.617,23.851
94,18,22.275,21.236,23.378
95,18,21.375,20.247,22.422
96,19,11.85,9.88,13.031
97,19,15.425,13.798,16.566
98,19,15.425,13.798,16.566
99,19,16.525,14.719,17.565
100,19,18.975,17.825,20.438
101,19,18.625,17.568,20.224
102,19,18.275,17.311,20.01
103,19,18.175,17.083,20.079
104,19,16.725,15.758,18.313
105,19,10.225,8.6801,11.084
106,20,19.7,15.486,23.353
107,20,19.7,15.486,23.353
108,21,0.75,0.55,0.95
109,21,1.75,0.8497,4.5927
110,22,0.45,0.35,0.55
111,22,0.7,0.55,0.9
112,22,0.75,0.55,0.95
113,22,1.1,0.85,1.4
114,22,1.4,1.1,1.85
115,22,11.367,8.5153,12.315
116,23,1.1,0.85,1.4
117,23,4.1,3.1,5.15
118,23,1.1,0.8,1.4
119,23,2,1.5,2.5
120,23,1.25,0.95,1.55
121,23,0.6,0.45,0.75
122,23,0.25,0.2,0.35
123,23,2.75,2.05,3.4
124,24,7.125,5.8385,8.5843
125,24,5.875,4.7085,7.3105
126,24,3.2,2.1307,4.8268
127,24,3.85,2.6401,5.1548
128,24,5.275,4.1303,6.8346
129,24,5.075,3.8702,6.2961
130,24,4.4,3.1018,5.6095
131,25,0.25,0.10807,3.1826
132,25,0.35,0.14187,3.5261
133,25,0.8,0.43529,4.6197
134,25,1.15,0.69491,5.3699
135,25,0.75,0.3096,5.0956
136,25,1.5,0.7976,6.6031
137,26,2.7,2.05,3.4
138,26,2.6,1.95,3.25
139,26,0.1,0.05,0.3
140,26,1.5,0.5,1.9
141,26,0.25,0.2,0.3
142,26,1.1,0.95,1.4
143,26,1.2,0.93,1.56
144,26,1.7,1.3,2.2
145,26,2.3,1.7,2.9
146,26,0.1,0.05,0.35
147,27,0.7,0.4,0.85
148,27,0.3,0.1,0.5
149,27,0.2,0.1,0.4
150,27,0.6,0.3,0.8
151,27,1.1,0.81,1.35
152,27,0.05,0.04,0.07
153,27,0.42,0.32,0.53
154,27,1,0.75,1.25
155,27,0.8,0.4,1.4
156,27,0.9,0.8,1.05
157,28,0.225,0.079531,1.6174
158,28,0.225,0.079531,1.6174
159,29,0.0915,0.032148,0.16027
160,29,0.0915,0.032148,0.16027
161,30,0.45,0.16622,4.3824
162,30,0.75,0.31637,4.6037
163,30,1.05,0.46652,4.8249
164,31,0.65,0.29306,4.79
165,31,0.91667,0.4275,4.9418
166,31,0.35,0.10618,3.1546
167,32,0.9,0.31994,7.8384
168,32,0.8,0.28019,7.4255
169,32,0.7,0.24044,7.0126
170,33,0.35,0.14874,3.2479
171,33,0.35,0.11163,2.7719
172,34,0.55,0.19321,0.90335
173,34,0.53,0.17658,0.89803
174,35,0.45,0.19797,3.1927
175,35,0.35,0.14094,3.1521
176,35,0.5,0.18079,3.8271
177,35,0.25,0.087873,3.4551
178,35,0.25,0.085615,3.4736
179,36,1.8,1.6,2
180,36,1.5,1.1,1.8
181,36,1,0.5,2.5
182,36,3.2,2.5,4
183,36,2,1,3
184,36,1.8,0.9,2.7
185,37,0.5,0.4,1
186,37,1.3,0.7,2.7
187,37,2.6,1.2,4
188,37,1.26,1.06,1.38
189,37,1.7,1.48,1.92
190,37,0.51,0.44,0.58
191,37,0.25,0.21,0.28
192,37,0.3,0.2,0.7
193,37,2.2,2,2.5
194,38,0.09,0.08,0.1
195,38,0.09,0.08,0.11
196,38,0.23,0.2,0.26
197,38,0.68,0.28,1.09
198,38,0.4,0.35,0.46
199,38,0.6,0.5,0.8
200,38,0.2,0.15,0.27
201,38,0.43,0.37,0.48
202,38,0.7,0.5,0.9
203,38,0.5,0.4,0.6
204,38,1.7,1.4,2
205,38,0.55,0.4,0.7
206,38,2.3,1.1,2.4
207,39,4.55,3.4693,7.1621
208,39,4.95,3.8904,7.6787
209,39,5.35,4.3115,8.1954
210,39,5.65,4.5822,7.9394
211,39,6.55,5.3838,9.7579
212,39,5.975,4.8741,7.626
213,39,5.975,4.8741,7.626
214,39,4.55,3.5688,6.7256
215,40,6.45,3.0873,7.8259
216,40,8.05,3.5183,9.0443
217,41,1.025,0.52727,3.3905
218,41,1.75,1.0113,3.9593
219,41,2.15,1.4086,4.4456
220,41,3.15,2.2231,5.2025
221,41,3.5875,2.6673,5.5464
222,41,3.4375,2.4892,5.4069
223,41,3.55,2.5351,6.0805
224,41,2.925,2.0242,4.6089
225,41,2.95,1.771,4.9435
226,42,1.8,1.3,2.3
227,42,0.6,0.3,0.9
228,42,0.18,0.15,0.33
229,42,0.17,0.14,0.31
230,42,0.14,0.11,0.17
231,42,0.21,0.18,0.24
232,43,0.5,0.4,0.6
233,43,0.7,0.5,1
234,43,0.2,0.1,0.5
235,43,0,0,0
236,43,0.48,0.38,0.59
237,43,2.9,2.1,3.8
238,43,0,0,0
239,44,0.43,0.137,0.75238
240,44,0.47,0.16037,0.77809
241,45,0.15,0.060268,2.6158
242,45,0.15,0.060268,2.6158
243,46,2.95,1.9433,5.7034
244,46,2.75,1.653,5.0291
245,47,0.68,0.49,0.87
246,47,0.2,0.1,0.5
247,47,0.63,0.3,0.7
248,47,0.2,0.18,1.53
249,48,0.33,0.092775,0.69742
250,48,0.39,0.12462,0.73403
251,48,0.43,0.16405,0.7786
252,48,0.345,0.11501,0.68176
253,48,0.385,0.21104,0.76036
254,49,0.45,0.18024,0.79359
255,49,0.49,0.18676,0.80252
256,50,0.55,0.20335,0.81796
257,50,0.454,0.16612,0.76714
258,50,0.45,0.17187,0.78117
259,51,0.675,0.22834,2.8289
260,51,0.375,0.16566,2.2917
261,51,0.525,0.226,2.5081
262,52,0.7,0.5,0.9
263,52,0.7,0.5,0.9
264,52,1.1,0.7,1.5
265,52,1.1,0.7,1.5
266,52,1.1,0.7,1.5
267,52,2.2,1.3,3.1
268,53,0.075,0.028376,1.3369
269,53,0.075,0.028376,1.3369
270,54,0.885,0.31533,1.661
271,54,0.3675,0.13506,1.4481
272,54,0.2925,0.11673,1.4592
273,54,0.585,0.24199,1.7055
274,55,0.48,0.1768,0.79633
275,55,0.49667,0.18422,0.80159
276,55,0.47,0.18835,0.79951
277,56,0.775,0.3657,2.1998
278,56,2.325,1.6911,4.533
279,57,0.49,0.21566,0.80648
280,57,0.39,0.1266,0.74118
281,58,0.61,0.23759,1.127
282,58,0.57,0.21425,1.1074
283,58,0.53,0.17448,1.0422
284,58,0.5575,0.17482,1.0837
285,59,0.8375,0.31508,2.8793
286,59,0.905,0.38057,2.8438
287,60,0.825,0.31978,2.9657
288,60,0.825,0.31978,2.9657
289,61,4.25,3.2427,7.1498
290,61,4.05,3.2117,7.0028
291,61,4.35,3.4521,7.268
292,61,4.6,3.6654,7.3198
293,61,4.85,3.8788,7.3716
294,61,3.65,2.8423,6.3617
295,61,3.05,2.2071,5.7831
296,61,2.3,1.483,4.9309
297,61,1.35,0.68126,4.1393
298,61,1.35,0.68126,4.1393
299,62,4.625,3.7157,6.163
300,62,4.625,3.7157,6.163
301,62,4.375,3.4613,5.9812
302,62,4.125,3.2068,5.7994
303,63,0.63,0.25249,0.95715
304,63,0.57,0.20486,0.92134
305,63,0.5,0.18889,0.91796
306,63,0.43,0.14834,0.86929
307,63,0.47,0.17158,0.88904
308,64,0.575,0.40579,2.8209
309,64,0.6,0.44932,2.4953
310,64,0.44167,0.33854,1.9329
311,64,0.075,0.029898,1.4592
312,65,1.125,0.61215,3.2541
313,65,1.125,0.61215,3.2541
314,65,0.125,0.043115,1.6746
315,65,0.125,0.043115,1.6746
316,66,0.5,0.25,0.75
317,66,1.5,1,3
318,67,1.95,1.1965,5.8008
319,67,1.6,0.92323,5.4109
320,67,1.25,0.64993,5.021
321,68,0.37,0.10409,0.72698
322,68,0.37667,0.11404,0.73525
323,68,0.39,0.13393,0.75179
324,69,0.55,0.19464,3.2602
325,69,0.55,0.19464,3.2602
326,70,0.555,0.15919,1.575
327,70,0.555,0.15919,1.575
328,71,0.25,0.086748,4.2134
329,71,0.25,0.082121,4.2665
330,71,0.3,0.096631,4.3732
331,71,0.325,0.10741,4.4489
332,71,0.25,0.089285,4.4357
333,72,3.225,2.4034,4.9357
334,72,3.6583,2.7604,5.4951
335,72,3.45,2.5679,5.4368
336,72,2.9,2.0648,4.8044
337,72,3.0625,2.1796,4.9996
338,72,3.8875,2.9159,5.8704
339,72,5.175,4.1039,7.1729
340,72,6.3,5.144,8.4845
341,73,0.65,0.26072,4.3607
342,73,0.95,0.41269,4.7426
343,73,1.1,0.53134,4.6928
344,73,1.25,0.66886,4.5596
345,73,2.45,1.7611,6.02
346,73,4.65,3.7576,8.3709
347,73,5.2167,4.2475,8.8498
348,73,6.4,5.4913,10.075
349,73,6.85,5.9842,10.68
350,73,6.45,5.6593,10.372
351,74,1.4,0.6679,2.6908
352,74,1.4125,0.76551,2.5886
353,74,1.5917,0.89727,2.6908
354,74,1.4583,0.83952,2.5726
355,74,1.925,1.0943,2.8046
356,74,1.925,1.0912,2.8283
357,75,0.43,0.18345,0.80713
358,75,0.37,0.11622,0.7049
359,76,1.0583,0.42471,2.788
360,76,2.125,1.4133,4.1643
361,76,2.3,1.5614,3.6793
362,76,1.875,1.2967,3.4088
363,76,2.725,1.7924,3.8135
364,76,2.65,1.7917,3.9512
365,76,1.8083,1.1326,3.3189
366,76,1,0.47982,2.292
367,77,0.05,0.02,0.1
368,77,0,0,0
369,77,0.4,0.2,0.6
370,78,0.3,0.05,0.5
371,78,1,0.5,1.5
372,78,0,0,0
373,78,1.5,1,2
374,78,2.5,1.5,3.5
375,78,0.2,0.05,0.5
376,78,1,0.7,1.3
377,78,0.2,0.1,0.3
378,78,1,0.5,1.5
379,78,2,1,3
380,79,1,0.5,1.5
381,79,1,0.5,1.5
382,79,2,1,3
383,80,1,0.5,1.5
384,80,1,0.5,1.5
385,80,1.5,1,2
386,80,3,2,4
387,81,2.5,1.5,3.5
388,81,0.5,0.25,0.75
389,81,0,0,0
390,81,4,3,5
391,81,0.5,0.3,0.7
392,81,1,0.5,1.5
393,81,0.5,0.25,0.75
394,82,0.25,0.1,0.4
395,82,0.5,0.25,0.75
396,82,2.4,1.5,3
397,82,1.5,0.5,2.5
398,82,1.5,0.5,2
399,82,4,3,5
400,83,1,0.5,1.5
401,83,1,0.5,1.5
402,83,0.1,0.05,0.2
403,83,0.25,0.1,0.4
404,83,4,3,5
405,83,0.2,0.1,0.3
406,84,0.5,0.2,0.8
407,84,2,1,3
408,84,0.2,0.1,0.3
409,84,4,2.5,5.5
410,84,1.5,0.5,2.5
411,85,5,3,7
412,85,1,0.5,1.5
413,85,1.5,0.5,2.5
414,86,0.37,0.099229,0.75898
415,86,0.29,0.073542,0.69283
416,87,0.705,0.19238,1.4147
417,87,0.465,0.13802,1.29
418,87,0.405,0.12572,1.3334
419,87,0.345,0.11342,1.3768
420,88,0.3,0.1,0.5
421,88,0,0,0
422,88,0,0,0
423,88,0,0,0
424,88,0,0,0
425,88,1.5,0.5,2.5
426,88,1.5,0.5,2.5
427,88,1,0.5,1.5
428,88,0,0,0
429,89,2,1,3
430,89,0,0,0
431,90,1,0.5,1.5
432,90,0,0,0
433,91,0.37,0.13164,0.76593
434,91,0.362,0.09502,0.73862
435,91,0.36,0.091987,0.74213
436,91,0.33,0.1116,0.74629
437,92,1.5,0.79388,6.9938
438,92,1.4333,0.76736,6.7163
439,92,1.3,0.71433,6.1611
440,92,0.85,0.56383,4.9253
441,92,0.85,0.56383,4.9253
442,93,0.15,0.033409,2.9732
443,93,0.15,0.033409,2.9732
444,93,0.25,0.14052,2.6016
445,93,0.25,0.14052,2.6016
446,94,6.275,4.9261,7.5055
447,94,6.625,4.9433,7.8224
448,94,5.475,3.9673,6.9545
449,94,5.0417,3.5029,6.3926
450,94,3.875,2.5074,5.4376
451,95,1.4625,0.91983,3.754
452,95,1.6625,1.1598,3.9956
453,95,1.85,1.3665,4.4149
454,95,2.75,2.1787,5.319
455,95,2.75,2.1787,5.319
456,95,3.85,3.0613,6.1581
457,96,8.725,7.5764,10.485
458,96,8.525,7.469,9.9778
459,96,8.225,7.0884,9.5646
460,96,6.575,5.5252,8.4833
461,96,6.225,5.3117,7.7358
462,96,4.3583,3.5618,6.0782
463,96,2.125,1.3473,3.7989
464,97,1.095,0.61548,2.0786
465,97,1.085,0.46458,1.9605
466,97,1.075,0.31367,1.8425
467,98,1.185,0.5214,1.5746
468,98,1.185,0.5214,1.5746
469,99,0.7,0.30971,6.7373
470,99,0.7,0.30971,6.7373
471,100,4.9,3.3098,12.117
472,100,4.9,3.3098,12.117
473,101,0.65,0.41304,4.3605
474,101,0.65,0.41304,4.3605
475,102,0.725,0.29535,2.776
476,102,0.475,0.16875,2.1793
477,102,0.575,0.25658,2.5959
478,103,0.45,0.15195,3.2402
479,103,0.35,0.12893,2.8758
480,104,3.2,2.1701,9.0401
481,104,2.9,1.997,8.3328
482,104,0.9,0.41717,6.3342
483,105,0.625,0.19843,2.2938
484,105,1.975,1.2077,3.5489
485,105,1.975,1.2077,3.5489
486,106,0.49,0.14933,0.77064
487,106,0.41,0.12835,0.74828
488,107,0.875,0.49071,3.1856
489,107,0.875,0.41184,3.1113
490,107,1.075,0.58891,3.3007
491,108,0.25,0.093967,4.0272
492,108,0.9,0.44618,5.6361
493,108,0.46667,0.21193,4.8186
494,108,0.25,0.094808,4.4098
495,109,1.15,0.46548,4.6344
496,109,1.15,0.46548,4.6344
497,110,0.46,0.16759,0.78333
498,110,0.50333,0.20318,0.79596
499,110,0.478,0.18821,0.7885
500,111,2.225,1.3334,3.6249
501,111,2.825,1.8332,4.2946
502,111,3.065,2.007,4.6598
503,111,3.125,2.0177,4.8728
504,112,0.525,0.38411,2.2986
505,112,0.225,0.075151,2.1358
506,112,0.325,0.17635,2.1861
507,112,0.6125,0.35942,2.6741
508,112,0.85,0.49188,3.1368
509,113,1.15,0.78825,3.6735
510,113,1.15,0.78825,3.6735
511,114,0.61667,0.23026,3.6568
512,114,0.8,0.37319,4.2733
513,114,1.05,0.49446,4.7314
514,115,0.055,0.021066,0.086007
515,115,0.075,0.020221,0.093003
516,115,0.095,0.019376,0.1
517,116,0.125,0.042166,2.0857
518,116,0.225,0.068771,2.3233
519,116,0.5375,0.19616,2.8196
520,116,0.8,0.32147,3.1262
521,116,0.85,0.346,3.1742
522,116,0.275,0.10221,2.4677
523,117,0.275,0.11362,2.0919
524,117,0.275,0.11362,2.0919
525,118,0.225,0.073196,2.3876
526,118,0.225,0.073196,2.3876
527,119,0.47,0.19335,0.808
528,119,0.49,0.19941,0.8235
529,120,0.44,0.16432,0.77657
530,120,0.48,0.17772,0.79028
531,120,0.49,0.1763,0.79704
532,121,1.0167,0.42327,3.9071
533,121,0.6,0.21501,3.4001
534,121,0.45,0.16807,3.415
535,121,0.55,0.20252,3.5761
536,121,0.5,0.20803,3.433
537,122,0.7,0.22417,6.3035
538,122,0.7,0.22417,6.3035
539,123,0.65,0.24849,4.1818
540,123,0.8,0.26567,4.6192
541,123,0.95,0.28285,5.0566
542,124,0.25,0.095537,4.8421
543,124,0.25,0.095537,4.8421
544,125,3.015,2.1647,3.7298
545,125,3.015,2.1647,3.7298
546,125,3.075,2.4638,3.9401
547,125,3.075,2.4638,3.9401
548,126,15,11.01,17.02
549,126,13.5,12.2,16.2
550,126,2.3,1.2,4.8
551,126,17.3,12.8,21.8
552,127,10.9,8.4,13.4
553,127,17.3,12.8,21.8
554,127,4.3,3.1,5.5
555,127,0,0,0
556,128,1.85,1.4073,4.5601
557,128,1.55,1.0936,4.4318
558,129,2.25,1.7003,4.6955
559,129,2.25,1.7003,4.6955
560,130,0.27,0.065891,0.71269
561,130,0.31,0.076977,0.71567
562,131,3.1833,2.1168,5.1166
563,131,3.0333,1.9685,4.8653
564,131,4.075,3.1741,6.7457
565,131,3.35,2.5538,5.5914
566,131,2.875,1.958,4.829
567,132,0.65,0.41423,3.4961
568,132,0.85,0.54707,3.9743
569,132,0.95,0.59363,4.0385
570,132,1,0.58716,4.3564
571,133,0.85,0.65723,1.3598
572,133,0.84167,0.557,1.3512
573,133,0.675,0.29395,1.2692
574,133,0.9375,0.45671,1.5134
575,134,3,1,4
576,134,0.3,0.1,0.5
577,135,0,0,0
578,135,23,20,26
579,135,2,1,3
580,135,0.5,0.25,1
581,136,1.5,1,2
582,136,2,1,3
583,137,20,18,22
584,137,1,0.5,1.5
585,137,0.5,0.3,1
586,138,0,0,0
587,138,0.7,0.5,0.9
588,139,0,0,0
589,139,0,0,0
590,139,0,0,0
591,139,2.3,1.2,4.8
592,139,6.4,4.4,8.4
593,139,13,9.7,16.3
594,139,1,0.5,1.7
595,140,0.415,0.23366,0.77145
596,140,0.4525,0.21469,0.77791
597,140,0.49,0.19572,0.78437
598,141,0.615,0.22707,1.3861
599,141,0.645,0.20474,1.4031
600,141,0.555,0.16055,1.315
601,141,0.575,0.16634,1.3503
602,141,0.54,0.1797,1.3665
603,141,0.495,0.19017,1.365
604,141,0.525,0.26523,1.4347
605,142,0.275,0.10017,2.6404
606,142,0.325,0.13478,2.9003
607,142,0.39,0.14734,2.9702
608,142,0.45,0.14022,2.88
609,143,0.65,0.25026,3.7588
610,143,1.25,0.84206,4.4539
611,143,1.55,0.86206,5.1603
612,143,1.75,1.0003,5.222
613,144,0.35,0.16534,3.4292
614,144,0.45,0.20884,4.0047
615,145,0.25,0.07706,3.4784
616,145,0.15,0.052783,3.6458
617,145,0.15,0.049124,3.1719
618,146,0.35,0.13496,3.5783
619,146,0.61667,0.26105,4.1454
620,146,0.75,0.37389,4.2479
621,147,1.5,0.72283,3.2297
622,147,1.525,0.74815,3.1598
623,147,1.625,0.86683,3.3445
624,147,1.225,0.61982,2.9632
625,148,0.46,0.17849,0.80054
626,148,0.46,0.17849,0.80138
627,148,0.43,0.15669,0.77227
628,148,0.43,0.14929,0.76149
629,149,0.75,0.26461,1.8749
630,149,0.60833,0.22808,1.8025
631,149,0.5,0.1806,1.7362
632,149,0.575,0.22742,1.7484
633,149,0.675,0.2756,1.8073
634,149,0.58,0.22455,1.7162
635,149,0.655,0.27694,1.7561
636,149,0.80833,0.34023,1.8659
637,149,0.825,0.31506,1.8369
638,149,0.725,0.35099,1.918
639,150,3.1,2.0563,4.9658
640,150,2.475,1.533,4.404
641,150,2.4917,1.6282,4.5908
642,150,2.75,1.8612,4.8653
643,150,2.95,2.1218,5.1579
644,150,3.05,1.9923,5.2714
645,150,3.05,2.0703,5.4055
646,150,2.85,1.8037,5.2359
647,151,0.725,0.40682,2.4729
648,151,0.9,0.46063,2.6346
649,151,0.9375,0.48761,2.4931
650,151,1.075,0.53795,2.418
651,152,1.35,0.73141,3.8846
652,152,1.35,0.73141,3.8846
653,153,0.9,0.20531,7.802
654,153,0.9,0.27057,7.1991
655,153,0.725,0.29441,5.3807
656,153,0.55,0.18772,4.7681
657,154,0.25,0.084163,3.6057
658,154,0.35,0.1161,3.8377
659,154,0.45,0.14804,4.0697
660,155,0.785,0.25337,1.4286
661,155,0.885,0.3115,1.5193
662,156,0.95,0.34852,4.2755
663,156,0.95,0.39024,4.4532
664,157,0.43,0.16136,0.78597
665,157,0.47,0.16186,0.78045
666,157,0.47,0.16995,0.79103
667,158,0.49,0.20161,0.81103
668,158,0.445,0.17995,0.77246
669,158,0.49,0.20152,0.81213
670,159,0.425,0.12752,1.9508
671,159,0.425,0.15159,2.0772
672,159,0.275,0.087758,1.8316
673,160,0.35,0.092672,0.7186
674,160,0.374,0.11244,0.73717
675,160,0.41,0.1421,0.76501
676,161,1.05,0.49795,3.3767
677,161,1.15,0.53663,3.4328
678,161,1,0.45956,3.5256
679,161,0.75,0.32549,3.5288
680,162,0.98333,0.46827,4.233
681,162,1.11,0.55349,4.407
682,162,0.95,0.43621,4.1823
683,163,0.71,0.1167,0.71918
684,163,0.71,0.1167,0.71918
685,164,0.15,0.1,0.3
686,164,0.9,0.1,1.8
687,164,0,0,0
688,164,0.12,0.06,0.24
689,164,0.9,0.44,1.8
690,164,0.9,0.1,1.8
691,165,0.37,0.13945,0.78188
692,165,0.35,0.11403,0.72824
693,166,0.33667,0.10351,0.69632
694,166,0.355,0.097306,0.67583
695,166,0.365,0.11261,0.65955
696,167,0.525,0.20238,2.5024
697,167,0.525,0.20082,2.4416
698,167,0.325,0.11251,2.2717
699,168,4.775,3.3693,5.7222
700,168,6.125,4.9132,6.882
701,169,0.7,0.28757,8.2881
702,169,0.7,0.28757,8.2881
703,170,0.425,0.16474,2.4244
704,170,0.375,0.11883,2.3947
705,170,0.425,0.15535,2.6435
706,170,0.45,0.17361,2.7679
707,171,1.175,0.44508,2.6492
708,171,1.175,0.44508,2.6492
709,171,2.125,1.3294,3.7292
710,172,3.875,2.831,5.6842
711,172,3.725,2.7122,5.3705
712,173,0.56,0.23709,0.84815
713,173,0.43,0.15962,0.75351
714,173,0.37,0.11885,0.704
715,174,0.675,0.35701,2.5443
716,174,0.475,0.18248,2.3863
717,174,0.575,0.29454,2.5105
718,174,0.425,0.16307,2.0856
719,174,0.525,0.16237,2.2514
720,175,1.25,0.63756,4.2901
721,175,1.25,0.63756,4.2901
722,176,1.75,0.98406,5.0115
723,176,2.05,1.3264,5.3203
724,176,2.05,1.3264,5.3203
725,176,2.45,1.6543,5.2673
726,176,2.25,1.5276,5.8217
727,177,2.375,1.5693,4.0191
728,177,2.225,1.2983,3.8129
729,177,3.275,2.2882,4.81
730,177,1.725,0.95716,3.7363
731,177,1.0625,0.50307,3.3079
732,177,0.525,0.20979,2.6854
733,178,0.63,0.23269,1.1321
734,178,0.43,0.13793,1.0189
735,178,0.59,0.19205,1.0951
736,178,0.6,0.21566,1.1157
737,178,0.64333,0.25165,1.139
738,178,0.76,0.31735,1.1982
739,179,0.33,0.098565,0.71499
740,179,0.35,0.10686,0.7494
741,179,0.29,0.075419,0.70871
742,180,0.45,0.16468,3.8248
743,180,0.55,0.23352,3.9069
744,180,0.58333,0.25144,4.4864
745,181,0.35,0.1565,3.8405
746,181,0.35,0.1565,3.8405
747,182,0.35,0.1565,3.8405
748,182,0.35,0.1565,3.8405
749,183,0.75,0.26853,3.3166
750,183,0.75,0.26853,3.3166
751,184,0.5,0.18241,5.6392
752,184,0.5,0.18241,5.6392
753,185,0.525,0.18947,2.8453
754,185,0.525,0.18947,2.8453
755,186,1.7,0.93793,8.3139
756,186,1.5667,0.85096,7.6556
757,186,1.3,0.64971,6.5664
758,186,1.3,0.59509,7.0213
759,187,0.41667,0.13459,0.75107
760,187,0.42333,0.13821,0.75902
761,187,0.35,0.091632,0.724
762,188,0.725,0.28672,2.7672
763,188,0.64167,0.26407,2.6775
764,188,0.475,0.21875,2.4983
765,188,0.175,0.075103,2.0639
766,188,0.175,0.075103,2.0639
767,189,0.49667,0.18894,0.80475
768,189,0.52,0.21108,0.82488
769,189,0.51,0.19342,0.8119
770,189,0.45,0.16613,0.77559
771,189,0.33,0.093796,0.70703
772,189,0.35,0.088821,0.72573
773,190,0.625,0.28592,1.9941
774,190,0.675,0.28753,2.0041
775,191,0.105,0.03968,1.3275
776,191,0.105,0.03968,1.3275
777,192,0.34167,0.12305,2.2184
778,192,0.245,0.089972,2.4145
779,193,0.575,0.22364,2.1067
780,193,1.4,0.92988,2.7045
781,193,1.5,1.0569,2.7099
782,193,1.665,1.1821,2.675
783,193,1.805,1.1456,2.4964
784,193,1.8375,1.2486,2.5904
785,193,2.565,1.6713,3.2218
786,193,2.931,2.0604,3.455
787,193,1.7464,1.082,2.8331
788,193,0.4,0.16933,1.9397
789,193,0.2,0.056584,2.1334
790,193,0.085,0.02083,1.6434
791,194,0.48,0.1832,0.79807
792,194,0.45,0.17097,0.77302
793,194,0.4,0.15278,0.75363
794,194,0.48,0.20602,0.80635
795,194,0.55,0.23507,0.84222
796,195,2.45,1.4159,4.973
797,195,2.75,1.7478,5.4864
798,195,2.75,1.7133,5.5053
799,196,0.05,0.01,0.1
800,196,0.05,0.01,0.1
801,196,0.01,0.01,0.01
802,196,1.2,0.05,6
803,197,0.05,0.01,0.1
804,197,0.15,0.1,0.2
805,197,1.2,0.05,6
806,197,0.15,0.1,0.2
807,198,8.7625,7.2241,10.372
808,198,9.3625,7.9822,11.12
809,198,10.088,8.6605,11.956
810,198,10.925,9.3557,12.433
811,198,11.025,9.5619,12.567
812,198,11.65,10.583,14.048
813,198,11.65,10.583,14.048
814,198,11.95,10.249,13.516
815,199,6.15,4.8906,8.2265
816,199,5.875,4.5319,7.5814
817,200,0.95,0.68512,3.2983
818,200,0.95,0.68512,3.2983
819,201,2.95,2.5234,5.9691
820,201,2.95,2.5234,5.9691
821,202,2.45,1.7832,5.3621
822,202,1.25,0.77048,3.9414
823,202,1.95,1.2525,4.7385
824,202,2.65,1.7346,5.5356
825,202,2.45,1.6923,5.8818
826,203,13.95,12.152,15.474
827,203,13.95,12.152,15.474
828,204,6.05,4.6075,8.4903
829,204,6.05,4.6075,8.4903
830,205,10.15,8.5174,13.276
831,205,7.25,5.2032,9.6226
832,205,7.25,5.2032,9.6226
833,205,7.35,5.1141,9.2835
834,206,3.475,2.4056,4.7112
835,206,2.875,1.9493,3.8475
836,206,2.475,1.6579,3.5288
837,206,2.075,1.3664,3.21
838,207,1.35,0.8207,5.0057
839,207,3.35,2.6037,7.3213
840,207,3.35,2.6037,7.3213
841,207,3.95,3.0125,8.0689
842,207,4.85,3.947,8.1323
843,207,4.85,3.947,8.1323
844,208,2.15,1.3897,3.2087
845,208,2.525,1.6761,3.5099
846,208,1.7,0.857,2.8117
847,208,1.625,0.70914,2.7686
848,209,1.725,1.0389,3.4934
849,209,2,1.2498,3.8885
850,209,2.1,1.3211,3.8654
851,209,2.4,1.5778,4.1448
852,209,2.225,1.4539,4.2154
853,210,0.43,0.15236,0.7729
854,210,0.46,0.15995,0.77973
855,210,0.44,0.15361,0.77603
856,211,3,1.5,4.5
857,211,0.5,0.1,0.9
858,211,3,1.5,4.5
859,211,2,0,10
860,211,2,0,10
861,211,11,0,22
862,212,2.95,1.9828,6.5397
863,212,1.55,0.88343,5.892
864,212,1.55,0.88343,5.892
865,212,2.45,1.5349,5.8485
866,212,2.65,1.7058,5.6942
867,212,3.1,2.1132,6.3759
868,212,3.2,2.1804,6.5731
869,212,1.25,0.59062,4.461
870,213,1.95,1.1491,4.6796
871,213,1.8,1.0434,4.2608
872,213,1.8,1.051,4.2766
873,213,1.95,1.1643,4.7112
874,213,2.15,1.1323,5.1275
875,214,1.3717,0.65021,2.3044
876,214,1.7917,0.9281,2.6755
877,214,1.525,0.77849,2.4943
878,214,1.525,0.77514,2.4074
879,214,1.6,0.81594,2.4173
880,215,0.55,0.19669,1.8014
881,215,0.45,0.17942,1.7604
882,215,0.375,0.16036,1.7593
883,215,0.275,0.11585,1.7354
884,215,0.425,0.14125,1.769
885,215,0.425,0.12784,1.7103
886,216,1.69,1.2397,4.6272
887,216,1.49,1.093,4.0085
888,217,0.925,0.45066,2.7118
889,217,1.2,0.73775,2.9905
890,217,1.025,0.57832,2.9051
891,217,0.84167,0.45656,2.7157
892,217,0.6,0.29495,2.4455
893,217,0.65833,0.29393,2.6836
894,217,0.8375,0.35138,3.0599
895,218,0.69,0.32858,0.92058
896,218,0.65333,0.30272,0.88097
897,218,0.595,0.25084,0.7754
898,219,0.825,0.32343,2.0711
899,219,0.8875,0.38956,2.0601
900,219,0.925,0.36503,2.0645
901,219,0.875,0.30793,2.0742
902,220,0.63,0.22642,1.1334
903,220,0.73,0.25318,1.1908
904,221,0.75,0.27744,4.0304
905,221,0.75,0.27744,4.0304
906,222,0.975,0.47037,3.0892
907,222,1.075,0.51762,3.2613
908,223,0.5,0.1702,2.5349
909,223,0.575,0.19342,2.5842
910,224,0.625,0.33206,2.8083
911,224,0.65,0.34447,2.7614
912,224,0.875,0.41973,3.0405
913,224,0.7875,0.35469,3.0225
914,225,1.225,0.65795,3.4303
915,225,1.225,0.65795,3.4303
916,225,1.225,0.65795,3.4303
917,226,1.475,0.81106,3.0513
918,226,1.475,0.81106,3.0513
919,227,2.95,2.1096,6.3288
920,227,3.6,2.86,6.463
921,228,1.35,0.818,3.6202
922,228,0.875,0.46802,2.9149
923,228,1.375,0.84392,3.5341
924,228,2.025,1.3077,3.9246
925,228,2.0375,1.1789,3.6351
926,228,2.5,1.6057,3.8603
927,228,3.1083,2.2275,4.2492
928,228,3.675,2.7595,4.6644
929,228,3.475,2.4684,4.4209
930,228,3.025,1.962,4.002
931,229,3.475,2.6213,4.6067
932,229,3.475,2.6213,4.6067
933,229,3.325,2.415,4.2524
934,230,0.47,0.14955,0.77482
935,230,0.47,0.14955,0.77482
936,231,0.775,0.38041,3.1389
937,231,0.775,0.38041,3.1389
938,231,0.775,0.38041,3.1389
939,231,1.85,1.0856,4.8727
940,231,1.85,1.0856,4.8727
941,232,0.55,0.23348,4.8291
942,232,0.55,0.23348,4.8291
943,233,1.305,0.53281,1.9214
944,233,1.995,0.9829,2.2469
945,234,0.525,0.28252,2.1238
946,234,0.525,0.28252,2.1238
947,235,1.225,0.70722,2.7064
948,235,1.225,0.70722,2.7064
949,236,0.55,0.20508,3.5267
950,236,0.75,0.29916,3.8329
951,236,0.85,0.3462,3.986
952,237,0.55,0.21576,5.2822
953,237,0.8,0.29701,4.8312
954,238,0.95,0.37052,4.5608
955,238,0.95,0.41431,5.1827
956,238,0.95,0.41431,5.1827
957,238,0.55,0.20782,4.756
958,239,0.65,0.36753,3.3549
959,239,0.88333,0.4352,4.4257
960,240,1.35,0.62739,4.696
961,240,1,0.46318,4.4166
962,240,0.85,0.41131,4.2566
963,240,1.55,0.764,5.5748
964,241,3.625,2.0543,4.9113
965,241,4.125,2.4709,5.3474
966,241,5.15,3.4946,6.3425
967,241,5.85,4.1859,6.9601
968,241,4.8375,3.2819,6.1135
969,242,1.125,0.52258,1.6073
970,242,0.765,0.25526,1.3486
971,243,1.55,0.97365,5.1306
972,243,1.4167,0.87315,5.0244
973,243,1.15,0.67216,4.8121
974,244,0.55,0.30418,3.8695
975,244,0.55,0.30418,3.8695
976,245,1.1,0.62685,5.8805
977,245,1.1,0.62685,5.8805
978,245,0.55,0.28798,3.4136
979,245,0.375,0.18106,2.5538
980,245,0.375,0.18106,2.5538
981,246,0.325,0.11531,2.4435
982,246,0.325,0.11531,2.4435
983,246,0.575,0.29409,2.6793
984,246,0.575,0.29409,2.6793
985,247,0.35,0.10673,3.4824
986,247,0.2125,0.070667,2.782
987,247,0.2125,0.074558,2.6584
988,247,0.25,0.093203,2.8651
989,247,0.35,0.11109,3.3358
990,248,0.775,0.32528,2.4959
991,248,0.775,0.32528,2.4959
992,249,4.7875,3.6162,6.9262
993,249,5.95,4.5888,8.315
994,249,6.85,5.1815,8.8981
995,250,0,0,0
996,250,0,0,0
997,250,0,0,0
998,250,0,0,0
999,250,0,0,0
1000,250,0,0,0
1001,250,0,0,0
1002,250,0,0,0
1003,250,0,0,0
1004,250,0,0,0
1005,250,0,0,0
1006,250,0,0,0
1007,251,5.225,4.7105,6.7022
1008,251,6.8,6.0889,8.1741
1009,251,9.35,8.4142,10.559
1010,251,10.925,9.9349,12.266
1011,251,11.525,10.509,13.06
1012,251,11.575,10.652,12.986
1013,251,11.225,9.8496,12.22
1014,252,0.75,0.23695,3.0473
1015,252,0.65,0.30921,3.2389
1016,252,0.58333,0.261,3.1257
1017,252,0.63333,0.22026,2.964
1018,252,0.725,0.27848,3.1261
1019,252,0.81667,0.35563,3.479
1020,252,1.675,0.86675,4.6843
1021,252,1.75,1.037,4.841
1022,253,1.035,0.45117,1.5677
1023,253,1.275,0.61577,1.7367
1024,253,1.275,0.61577,1.7367
1025,253,0.855,0.44658,1.5142
1026,254,0.875,0.43273,2.1096
1027,254,0.875,0.43273,2.1096
1028,255,0.63,0.18997,1.0205
1029,255,0.77,0.36449,1.1971
1030,256,1.335,0.60803,1.9152
1031,256,1.335,0.60803,1.9152
1032,257,1.25,0.72739,4.5027
1033,257,1.05,0.5911,4.0925
1034,257,0.85,0.45481,3.6823
1035,258,1.15,0.5255,3.8156
1036,258,1.55,0.8394,4.2863
1037,258,0.55,0.22464,3.1877
1038,258,0.475,0.18961,2.7223
1039,259,2.375,1.4293,3.343
1040,259,2.975,1.9355,3.7118
1041,260,0,0,0
1042,260,0,0,0
1043,260,0,0,0
1044,260,0,0,0
1045,260,0,0,0
1046,260,0,0,0
1047,260,0,0,0
1048,260,0,0,0
1049,260,0,0,0
1050,260,0,0,0
1051,260,0,0,0
1052,260,0,0,0
1053,260,0,0,0
1054,260,0,0,0
1055,260,0,0,0
1056,260,0,0,0
1057,260,0,0,0
1058,261,0,0,0
1059,261,0,0,0
1060,261,0,0,0
1061,261,0,0,0
1062,261,0,0,0
1063,261,0,0,0
1064,262,0.35,0.14854,4.9243
1065,262,0.7,0.38167,5.5306
1066,262,0.7,0.38167,5.5306
1067,262,0.7,0.24449,5.538
1068,262,0.7,0.29974,5.5654
1069,262,0.7,0.35499,5.5929
1070,263,1.025,0.37036,2.7835
1071,263,1.025,0.37036,2.7835
1072,264,0.65,0.25721,5.1665
1073,264,0.65,0.25721,5.1665
1074,265,1.32,0.65082,1.9962
1075,265,1.35,0.69424,1.987
1076,265,1.395,0.72365,2.0342
1077,265,1.245,0.62611,1.9853
1078,266,0.125,0.040411,1.5307
1079,266,0.125,0.042065,1.5633
1080,266,0.125,0.045371,1.6285
1081,267,0.275,0.083195,2.3546
1082,267,0.55,0.19733,3.0908
1083,268,1.075,0.50041,2.9042
1084,268,1.2821,0.60227,2.8775
1085,268,1.485,0.75999,3.0017
1086,268,1.725,0.97103,3.3096
1087,269,1.125,0.5732,3.234
1088,269,1.0125,0.42771,3.1219
1089,270,2.15,1.3127,3.2959
1090,270,2.4,1.4676,3.3602
1091,270,2.6,1.5374,3.5595
1092,270,2.575,1.5016,3.5988
1093,270,2.975,1.8516,3.8964
1094,270,2.9,1.7906,3.6799
1095,270,2.925,1.7716,3.7251
1096,270,2.1625,1.203,3.1898
1097,270,1.975,1.1222,3.2253
1098,270,1.425,0.77191,2.9675
1099,270,0.825,0.33512,2.5144
1100,271,3.225,2.4642,3.8504
1101,271,2.975,2.1061,3.939
1102,271,2.425,1.4311,3.5246
1103,271,1.7,0.89069,3.1177
1104,271,1.05,0.4779,2.6812
1105,272,1.325,0.69687,2.3995
1106,272,1.575,0.91172,2.7201
1107,272,1.3083,0.73995,2.451
1108,272,1.25,0.66451,2.3893
1109,272,1.325,0.67494,2.4621
1110,273,4.725,3.4749,6.0987
1111,273,4.325,3.1417,5.569
1112,273,3.9667,2.7683,5.3847
1113,273,3.25,2.0215,5.0162
1114,274,0.1525,0.050304,0.24255
1115,274,0.1575,0.058705,0.25207
1116,275,0.25,0.090596,3.9807
1117,275,1.1,0.5049,6.4079
1118,275,0.75,0.37564,5.2532
1119,275,0.45,0.19782,5.5002
1120,275,0.3,0.10891,5.6237
1121,276,0.35,0.10992,4.8431
1122,276,1.0833,0.61134,5.2651
1123,276,0.81667,0.36836,5.1519
1124,276,0.35,0.12138,2.9054
1125,276,0.4,0.13476,3.0536
1126,276,0.45,0.14814,3.2018
1127,276,0.45,0.20019,4.0786
1128,276,0.45,0.17524,3.8002
1129,276,0.45,0.15028,3.5217
1130,277,0.55,0.31452,2.9254
1131,277,0.375,0.19358,2.5429
1132,277,0.3125,0.13288,2.6576
1133,277,0.25,0.072178,2.7722
1134,278,0.47,0.16606,0.79254
1135,278,0.39,0.12815,0.74831
1136,279,0.225,0.081326,1.8885
1137,279,0.425,0.14217,2.6816
1138,279,0.75,0.298,3.4211
1139,279,0.75,0.298,3.4211
1140,279,1.15,0.56807,3.6511
1141,280,0.375,0.12036,2.1887
1142,280,0.375,0.12036,2.1887
1143,281,1.125,0.48005,2.4661
1144,281,1.125,0.48005,2.4661
1145,282,0.825,0.40011,2.3103
1146,282,0.825,0.40011,2.3103
1147,283,0.4125,0.1702,2.7292
1148,283,0.36667,0.14618,2.6127
1149,283,0.325,0.11367,2.5412
1150,284,2.925,2.0592,5.4649
1151,284,3.25,2.4388,5.8008
1152,284,1.3167,0.75342,3.9307
1153,284,0.65,0.22937,3.0888
1154,285,0.275,0.10471,2.6003
1155,285,0.575,0.22564,2.7616
1156,285,0.875,0.37545,2.9165
1157,285,0.825,0.35782,2.8643
1158,285,0.425,0.14385,2.6116
1159,286,0.35,0.14867,3.0701
1160,286,0.95,0.46513,4.0115
1161,286,1.25,0.62336,4.4822
1162,287,0.325,0.093014,1.7665
1163,287,0.325,0.1014,1.796
1164,288,3.325,2.2491,4.5129
1165,288,4.375,3.3162,5.4444
1166,288,4.375,3.3705,5.4437
1167,288,4.0083,2.9998,5.0833
1168,288,4.325,3.3534,5.3311
1169,289,1.125,0.5801,3.2049
1170,289,0.825,0.31732,3.036
1171,289,0.825,0.31732,3.036
1172,289,0.775,0.23079,2.8172
1173,290,0.47,0.16059,0.7916
1174,290,0.48333,0.17545,0.79304
1175,290,0.53,0.2471,0.83584
1176,291,0.565,0.3147,0.86092
1177,291,0.33,0.088855,0.68429
1178,291,0.4,0.12827,0.74626
1179,292,0.494,0.175,0.79251
1180,292,0.45,0.16887,0.78338
1181,292,0.47,0.17606,0.79345
1182,293,1.45,0.73314,4.9617
1183,293,1.15,0.5967,4.3157
1184,293,1.6833,0.96693,4.7002
1185,293,2.025,1.2354,4.9208
1186,293,1.65,1.0367,4.7127
1187,294,0.39,0.11529,0.741
1188,294,0.39,0.14029,0.76677
1189,294,0.39,0.11938,0.73466
1190,295,1.095,0.47276,1.8517
1191,295,2.475,1.548,2.8171
1192,295,2.475,1.548,2.8171
1193,295,2.225,1.2054,2.7532
1194,296,0.525,0.22165,2.5453
1195,296,0.625,0.24876,2.6476
1196,297,3.625,2.7475,4.9283
1197,297,3.625,2.7475,4.9283
1198,297,3.325,2.5122,4.8172
1199,297,3.075,2.3357,4.5192
1200,297,3.075,2.3357,4.5192
1201,297,2.275,1.7217,3.6112
1202,297,2.275,1.7217,3.6112
1203,298,1.925,1.2271,3.8026
1204,298,1.8,1.0231,3.5431
1205,298,1.95,1.0494,3.6557
1206,298,2.2125,1.1815,3.9191
1207,299,2.5583,1.5889,4.4853
1208,299,2.255,1.3495,4.3171
1209,299,1.725,0.91301,3.8766
1210,299,0.875,0.3373,3.0729
1211,300,2.475,1.5549,4.2129
1212,300,3.4,2.2986,4.5743
1213,300,3.525,2.4066,4.7351
1214,300,3.8083,2.5974,5.0158
1215,300,4.065,2.9689,5.4486
1216,300,3.625,2.4639,5.0752
1217,301,2.275,1.4219,3.7276
1218,301,1.675,0.97411,3.0409
1219,302,0,0,0
1220,302,0,0,0
1221,302,0,0,0
1222,302,0,0,0
1223,303,0,0,0
1224,303,0,0,0
1225,303,0,0,0
1226,303,0,0,0
1227,303,0,0,0
1228,303,0,0,0
1229,303,0,0,0
1230,303,0,0,0
1231,303,0,0,0
1232,304,0.55,0.15085,3.6946
1233,304,0.55,0.16714,3.6982
1234,304,0.55,0.18342,3.7018
1235,305,0.25,0.07288,3.4245
1236,305,0.25,0.095498,4.5748
1237,306,0.35,0.15517,2.9559
1238,306,0.25,0.084883,2.7574
1239,306,0.25,0.087426,3.0701
1240,306,0.21875,0.065971,2.7359
1241,306,0.125,0.053553,2.3055
1242,307,0.45,0.18027,4.5026
1243,307,0.45,0.1644,4.4611
1244,307,0.45,0.15381,4.4335
1245,308,0.25,0.10199,3.0213
1246,308,0.25,0.083956,2.9277
1247,308,0.25,0.071933,2.8653
1248,309,1.3,0.63925,3.8567
1249,309,1.45,0.80149,3.9409
1250,309,1.55,0.79849,4.3699
1251,310,1.665,1.3321,2.8544
1252,310,1.665,1.3321,2.8544
1253,310,2.725,2.0895,3.8861
1254,310,2.725,2.0895,3.8861
1255,311,0.1575,0.058309,0.30921
1256,311,0.1575,0.058309,0.30921
1257,312,0.45,0.13763,0.92427
1258,312,0.45,0.13763,0.92427
1259,313,0.465,0.17823,1.0783
1260,313,1.095,0.40141,1.5237
1261,314,0,0,0
1262,314,0,0,0
1263,314,0,0,0
1264,314,0,0,0
1265,314,0,0,0
1266,314,0,0,0
1267,314,0,0,0
1268,315,0,0,0
1269,315,0,0,0
1270,316,0,0,0
1271,316,0,0,0
1272,316,0,0,0
1273,317,0,0,0
1274,317,0,0,0
1275,317,0,0,0
1276,318,0,0,0
1277,318,0,0,0
1278,318,0,0,0
1279,319,0,0,0
1280,319,0,0,0
1281,320,0.735,0.30617,1.4083
1282,320,0.405,0.16004,1.2813
1283,320,0.315,0.14491,1.2425
1284,321,1.4,0.67402,4.6521
1285,321,1.15,0.58136,4.3887
1286,321,1.2833,0.67993,4.7931
1287,321,1.3,0.62225,4.8315
1288,322,0.7625,0.4086,2.7254
1289,322,0.725,0.39601,2.5094
1290,322,0.575,0.30952,2.1765
1291,323,0.15,0.069485,2.6315
1292,323,0.15,0.069485,2.6315
1293,323,0.35,0.12057,3.634
1294,323,0.45,0.1816,4.2875
1295,323,0.475,0.17933,4.5759
1296,323,0.5,0.17706,4.8642
1297,323,0.425,0.15931,4.2788
1298,323,0.35,0.14157,3.6934
1299,324,0.525,0.20468,2.5359
1300,324,0.675,0.34308,2.4258
1301,324,0.675,0.34308,2.4258
1302,325,4.375,3.3056,6.0419
1303,325,4.875,3.8978,6.6444
1304,325,6.5917,5.306,8.3846
1305,326,1.325,0.711,3.0131
1306,326,1.325,0.711,3.0131
1307,326,2.075,1.3764,3.6855
1308,326,2.075,1.3764,3.6855
1309,327,0.33,0.11026,3.6125
1310,327,0.45,0.15401,3.9146
1311,327,0.45,0.18462,3.7149
1312,327,0.53,0.21499,3.6064
1313,327,0.6,0.22717,3.8701
1314,328,0.685,0.24247,2.5881
1315,328,0.325,0.11418,2.0519
1316,328,0.875,0.47247,2.9787
1317,329,0.47,0.15681,0.89252
1318,329,0.47,0.14521,0.87119
1319,329,0.41,0.12764,0.8591
1320,329,0.51,0.15674,0.89821
1321,330,0.485,0.18719,0.78904
1322,330,0.46,0.17035,0.78436
1323,330,0.43,0.17147,0.78852
1324,331,0.64333,0.26056,0.90648
1325,331,0.66,0.27951,0.88211
1326,331,0.73,0.29012,0.90625
1327,332,0.325,0.10347,2.2974
1328,332,0.65,0.25428,3.5527
1329,333,0.515,0.20792,0.82578
1330,333,0.55,0.20796,0.81802
1331,333,0.53,0.21299,0.83177
1332,334,0.63,0.25206,0.88431
1333,334,0.62,0.24971,0.88567
1334,334,0.59,0.22578,0.8643
1335,334,0.57,0.24876,0.86778
1336,335,0,0,0
1337,335,0,0,0
1338,335,0,0,0
1339,335,0,0,0
1340,336,5.575,4.7149,6.3114
1341,336,5.575,4.7149,6.3114
1342,336,2.175,1.5315,3.4243
1343,336,1.475,0.72685,2.6699
1344,336,1.475,0.72685,2.6699
1345,337,2.55,1.4807,5.1752
1346,337,2.65,1.5537,5.1747
1347,337,2.75,1.6791,5.4462
1348,337,3.35,2.2958,5.9277
1349,337,2.65,1.7107,5.4858
1350,337,2.35,1.3776,5.3248
1351,338,6.05,3.0795,7.3131
1352,338,5.75,2.7238,6.9451
1353,338,5.6167,2.6962,6.8413
1354,338,5.75,3.4598,6.9774
1355,338,6,3.7691,7.2411
1356,338,6,3.5633,7.1684
1357,338,5.8833,3.3661,7.1494
1358,338,5.65,3.2731,6.8146
1359,338,4.95,2.8643,6.4815
1360,339,2.475,1.4967,3.8322
1361,339,2.475,1.4967,3.8322
1362,339,2.325,1.495,3.7205
1363,339,2.325,1.495,3.7205
1364,340,1.675,0.96663,2.9105
1365,340,1.675,0.96663,2.9105
1366,340,0.875,0.45908,2.1315
1367,340,0.875,0.45908,2.1315
1368,341,3.1,2.07,5.9911
1369,341,3.05,2.0083,5.5713
1370,341,2.7167,1.6981,5.3037
1371,342,0.475,0.21402,0.65018
1372,342,0.455,0.20153,0.6442
1373,342,0.425,0.14375,0.61533
1374,342,0.425,0.15467,0.61592
1375,342,0.425,0.16559,0.6165
1376,342,0.445,0.18804,0.62148
1377,342,0.415,0.17092,0.60668
1378,342,0.295,0.10883,0.54948
1379,342,0.335,0.1104,0.55171
1380,342,0.375,0.11196,0.55394
1381,343,0.485,0.1751,0.64773
1382,343,0.435,0.17553,0.64018
1383,343,0.435,0.17661,0.63352
1384,343,0.445,0.17336,0.62099
1385,343,0.43,0.16741,0.61319
1386,344,1.59,0.82367,2.1353
1387,344,1.53,0.83828,2.0572
1388,344,1.515,0.81092,2.0629
1389,344,1.545,0.782,2.0738
1390,345,0.98333,0.45832,3.7188
1391,345,0.78333,0.3565,3.4991
1392,346,0.875,0.31348,2.6524
1393,346,0.8,0.29541,2.6126
1394,346,0.725,0.27739,2.4268
1395,347,2.025,1.0323,3.6176
1396,347,1.425,0.67223,3.114
1397,348,0.2025,0.078873,0.33695
1398,348,0.2475,0.094619,0.34821
1399,349,0,0,0
1400,349,0,0,0
1401,349,0,0,0
1402,349,0,0,0
1403,349,0,0,0
1404,349,0,0,0
1405,349,0,0,0
1406,349,0,0,0
1407,349,0,0,0
1408,350,0,0,0
1409,350,0,0,0
1410,350,0,0,0
1411,350,0,0,0
1412,350,0,0,0
1413,351,1.225,0.61165,2.7037
1414,351,1,0.44603,2.6155
1415,351,0.775,0.2804,2.5272
1416,351,0.975,0.37179,2.6752
1417,352,0,0,0
1418,352,0,0,0
1419,352,0,0,0
1420,352,0,0,0
1421,353,0.84,0.322,1.4026
1422,353,0.735,0.22144,1.3318
1423,353,0.825,0.33487,1.4041
1424,354,4.425,3.3045,6.0361
1425,354,4.425,3.3045,6.0361
1426,355,0.325,0.11689,1.9468
1427,355,0.375,0.17013,2.0408
1428,356,3.6,2.5635,6.0887
1429,356,5.025,3.904,7.6412
1430,357,0.625,0.34158,2.5223
1431,357,0.625,0.34158,2.5223
1432,358,0.675,0.23938,2.2498
1433,358,0.775,0.28604,2.3626
1434,359,0.5,0.19767,2.5618
1435,359,0.45,0.18081,2.4136
1436,360,0.43,0.17042,0.79528
1437,360,0.43,0.15034,0.7628
1438,360,0.43,0.16319,0.77685
1439,361,0.15,0.034667,2.5104
1440,361,0.105,0.033077,2.3133
1441,361,0.125,0.045457,2.7827
1442,361,0.275,0.08488,2.5293
1443,362,2.875,2.0671,4.4683
1444,362,2.875,2.0671,4.4683
1445,362,4.025,2.8926,5.0327
1446,362,4.025,2.8926,5.0327
1447,363,1.525,0.86793,3.2582
1448,363,1.65,0.95215,3.3174
1449,363,2.825,2.0272,4.5783
1450,363,3.475,2.6597,5.0956
1451,364,0.44,0.15562,0.75796
1452,364,0.47,0.17763,0.78388
1453,364,0.45,0.16636,0.7764
1454,365,1.075,0.49178,2.9708
1455,365,0.975,0.37573,2.7004
1456,365,0.625,0.28446,2.2564
1457,366,0.775,0.2978,2.4289
1458,366,0.925,0.42867,2.7064
1459,366,1.175,0.43736,2.7577
1460,367,1.75,1.3263,4.8394
1461,367,2.35,1.6973,5.5572
1462,367,2.9,2.1707,6.1505
1463,367,2.85,2.2732,6.0261
1464,367,3.15,2.3873,7.7346
1465,368,1.1,0.50505,3.077
1466,368,0.525,0.1815,2.2884
1467,369,1.8583,1.0128,3.0954
1468,369,1.5917,0.76796,2.7545
1469,369,1.5,0.78521,2.7729
1470,370,0.925,0.3825,2.752
1471,370,0.975,0.37711,2.7235
1472,370,0.425,0.16753,2.2331
1473,371,0,0,0
1474,371,0,0,0
1475,372,0,0,0
1476,372,0,0,0
1477,372,0,0,0
1478,373,0,0,0
1479,373,0,0,0
1480,373,0,0,0
1481,373,0,0,0
1482,373,0,0,0
1483,373,0,0,0
1484,373,0,0,0
1485,374,0.39,0.13831,0.76987
1486,374,0.41,0.14152,0.74841
1487,375,0.825,0.32842,1.5236
1488,375,0.825,0.32842,1.5236
1489,376,0.35833,0.16352,1.9369
1490,376,0.375,0.19531,2.0234
1491,376,0.225,0.090358,1.9505
1492,377,0.45,0.15583,3.1085
1493,377,0.45,0.15583,3.1085
1494,378,0.405,0.12539,1.2833
1495,378,0.54,0.18799,1.365
1496,378,0.675,0.25059,1.4466
1497,379,0.345,0.13132,1.2658
1498,379,0.505,0.19703,1.419
1499,379,0.585,0.22988,1.4957
1500,380,0,0,0
1501,380,0,0,0
1502,380,0,0,0
1503,381,0,0,0
1504,381,0,0,0
1505,381,0,0,0
1506,381,0,0,0
1507,381,0,0,0
1508,382,0,0,0
1509,382,0,0,0
1510,382,0,0,0
1511,382,0,0,0
1512,382,0,0,0
1513,382,0,0,0
1514,383,0,0,0
1515,383,0,0,0
1516,384,0,0,0
1517,384,0,0,0
1518,384,0,0,0
1519,384,0,0,0
1520,384,0,0,0
1521,384,0,0,0
1522,385,0,0,0
1523,385,0,0,0
1524,386,0,0,0
1525,386,0,0,0
1526,386,0,0,0
1527,387,0,0,0
1528,387,0,0,0
1529,388,0,0,0
1530,388,0,0,0
1531,388,0,0,0
1532,388,0,0,0
1533,389,0,0,0
1534,389,0,0,0
1535,389,0,0,0
1536,389,0,0,0
1537,390,0,0,0
1538,390,0,0,0
1539,390,0,0,0
1540,390,0,0,0
1541,390,0,0,0
1542,391,0,0,0
1543,391,0,0,0
1544,391,0,0,0
1545,391,0,0,0
1546,392,0,0,0
1547,392,0,0,0
1548,392,0,0,0
1549,392,0,0,0
1550,392,0,0,0
1551,393,0,0,0
1552,393,0,0,0
1553,393,0,0,0
1554,393,0,0,0
1555,393,0,0,0
1556,393,0,0,0
1557,393,0,0,0
1558,394,0,0,0
1559,394,0,0,0
1560,394,0,0,0
1561,395,0,0,0
1562,395,0,0,0
1563,395,0,0,0
1564,395,0,0,0
1565,395,0,0,0
1566,395,0,0,0
1567,396,0.8375,0.43538,3.0331
1568,396,3.6875,2.6479,5.6099
1569,396,3.725,2.7473,5.5043
1570,396,4,3.1693,5.7287
1571,396,3.6083,2.587,4.9824
1572,397,0.36333,0.11327,0.94527
1573,397,0.51,0.10089,0.97275
1574,397,0.43,0.11544,0.96028
1575,397,0.23,0.084837,0.91901
1576,398,0.75,0.31155,3.8223
1577,398,0.75,0.29797,3.9616
1578,399,2.675,1.8229,3.8709
1579,399,2.675,1.8229,3.8709
1580,399,2.625,1.8796,3.9476
1581,399,4.325,3.4924,5.3033
1582,399,4.325,3.4924,5.3033
1583,400,0.325,0.092052,1.9295
1584,400,2.625,1.9364,4.6739
1585,400,0.925,0.40144,2.9409
1586,401,0.5075,0.21135,0.79841
1587,401,0.56,0.22873,0.82683
1588,402,0.41,0.15983,0.73898
1589,402,0.47,0.18204,0.78561
1590,403,0.365,0.10326,0.61839
1591,403,0.365,0.10326,0.61839
1592,404,3.9917,2.9525,5.3642
1593,404,3.725,2.7533,5.2716
1594,404,3.5917,2.625,5.2553
1595,404,3.025,2.0481,4.41
1596,404,3.125,2.2545,4.5849
1597,404,2.675,1.91,4.5329
1598,404,2.875,1.908,4.5572
1599,405,3.35,2.24,7.0098
1600,405,3.35,2.24,7.0098
1601,406,4.35,3.0186,8.4732
1602,406,4.35,3.0186,8.4732
1603,407,0,0,0
1604,407,0,0,0
1605,407,0,0,0
1606,407,0,0,0
1607,408,0,0,0
1608,408,0,0,0
1609,408,0,0,0
1610,409,0,0,0
1611,409,0,0,0
1612,409,0,0,0
1613,410,0,0,0
1614,410,0,0,0
1615,410,0,0,0
1616,411,6.5,4.3755,13.718
1617,411,6.5,4.3755,13.718
1618,412,0.385,0.12788,0.56851
1619,412,0.385,0.12788,0.56851
1620,413,0.265,0.086529,0.40187
1621,413,0.255,0.088834,0.40722
1622,414,0.15,0.048672,2.6013
1623,414,0.125,0.050009,1.8921
1624,414,0.125,0.050009,1.8921
1625,414,0.35,0.16365,2.8994
1626,414,0.75,0.45571,3.8356
1627,415,0.1575,0.048795,0.24344
1628,415,0.145,0.051257,0.24623
1629,415,0.1525,0.053447,0.24783
1630,415,0.14583,0.055151,0.24649
1631,416,0,0,0
1632,416,0,0,0
1633,416,0,0,0
1634,416,0,0,0
1635,416,0,0,0
1636,416,0,0,0
1637,416,0,0,0
1638,416,0,0,0
1639,417,0,0,0
1640,417,0,0,0
1641,417,0,0,0
1642,417,0,0,0
1643,418,1.45,0.69983,5.0253
1644,418,1.45,0.69983,5.0253
1645,419,1.1875,0.52752,2.0486
1646,419,1.3083,0.66212,2.1944
1647,419,1.175,0.49609,2.0858
1648,419,1.175,0.48546,2.1038
1649,420,0.45,0.15686,3.949
1650,420,0.75,0.34266,5.1297
1651,420,0.9,0.43557,5.7201
1652,420,0.63333,0.26514,5.5019
1653,420,0.5,0.17993,5.3928
1654,421,0.75,0.30489,4.2316
1655,421,0.475,0.15808,3.5891
1656,421,0.45,0.1429,3.2745
1657,421,0.95,0.42287,3.8436
1658,421,0.45,0.14601,3.312
1659,422,0.735,0.27758,1.2568
1660,422,0.525,0.14299,1.0996
1661,423,0.615,0.16725,1.2679
1662,423,0.435,0.16315,1.2424
1663,424,1.175,0.45055,2.972
1664,424,1.175,0.45055,2.972
1665,425,2.15,1.3587,3.1644
1666,425,2.675,1.8304,3.6341
1667,425,1.775,1.0549,3.071
1668,425,1.85,1.0289,3.0266
1669,426,0,0,0
1670,426,0,0,0
1671,426,0,0,0
1672,426,0,0,0
1673,426,0,0,0
1674,426,0,0,0
1675,426,0,0,0
1676,426,0,0,0
1677,426,0,0,0
1678,426,0,0,0
1679,426,0,0,0
1680,426,0,0,0
1681,426,0,0,0
1682,426,0,0,0
1683,426,0,0,0
1684,426,0,0,0
1685,427,1.575,0.9736,2.7958
1686,427,1.575,0.9736,2.7958
1687,427,0.975,0.64421,2.2987
1688,428,0.525,0.18344,2.5393
1689,428,0.575,0.22703,2.641
1690,428,0.675,0.31543,2.799
1691,428,0.775,0.40384,2.957
1692,428,0.75,0.25497,3.0777
1693,429,2.625,1.9134,4.6656
1694,429,3.3583,2.4537,5.2301
1695,429,3.025,2.1555,5.077
1696,430,1.25,0.79411,4.4659
1697,430,1.5833,1.074,4.6675
1698,430,1.95,1.4086,5.1048
1699,431,1,0.45663,4.2482
1700,431,0.88333,0.41828,3.7344
1701,431,0.9,0.45434,3.2856
1702,431,0.65,0.22286,2.6238
1703,432,0.175,0.064549,2.0957
1704,432,0.3,0.10012,2.4904
1705,432,0.51667,0.23707,3.1037
1706,432,0.75,0.31736,3.3572
1707,433,2.975,1.9017,4.3195
1708,433,3.125,2.0792,4.8863
1709,434,4.175,3.0375,5.5985
1710,434,4.225,3.077,5.5605
1711,434,4.275,3.1164,5.5225
1712,435,1.15,0.45389,3.8424
1713,435,0.66667,0.23405,2.9147
1714,435,0.425,0.12413,2.4508
1715,436,0.645,0.15232,1.325
1716,436,0.645,0.15232,1.325
1717,437,0,0,0
1718,437,0,0,0
1719,438,0,0,0
1720,438,0,0,0
1721,439,0,0,0
1722,439,0,0,0
1723,440,0,0,0
1724,440,0,0,0
1725,441,0,0,0
1726,441,0,0,0
1727,442,0.885,0.30709,1.699
1728,442,1.185,0.50786,1.7705
1729,442,1.3375,0.7585,1.8168
1730,442,1.49,1.0091,1.8631
1731,443,1.425,0.89334,3.2384
1732,443,1.3917,0.82009,3.1813
1733,443,1.325,0.6736,3.0669
1734,444,0.55,0.18973,0.81288
1735,444,0.53,0.19822,0.82081
1736,445,0.825,0.54285,1.9269
1737,445,0.825,0.54285,1.9269
1738,445,2.115,1.5973,3.0511
1739,445,2.115,1.5973,3.0511
1740,445,1.7883,1.2105,2.826
1741,445,1.625,1.0171,2.7135
1742,446,0,0,0
1743,446,0,0,0
1744,446,0,0,0
1745,446,0,0,0
1746,446,0,0,0
1747,446,0,0,0
1748,446,0,0,0
1749,446,0,0,0
1750,446,0,0,0
1751,446,0,0,0
1752,446,0,0,0
1753,446,0,0,0
1754,446,0,0,0
1755,446,0,0,0
1756,447,0,0,0
1757,447,0,0,0
1758,447,0,0,0
1759,447,0,0,0
1760,447,0,0,0
1761,448,0,0,0
1762,448,0,0,0
1763,448,0,0,0
1764,448,0,0,0
1765,449,0.125,0.034629,1.9048
1766,449,0.25,0.081629,2.7364
1767,449,0.25,0.081598,2.6992
1768,449,0.25,0.081566,2.662
1769,450,0.7,0.28921,6.2651
1770,450,0.7,0.28921,6.2651
1771,451,0,0,0
1772,451,0,0,0
1773,451,0,0,0
1774,451,0,0,0
1775,451,0,0,0
1776,451,0,0,0
1777,452,0,0,0
1778,452,0,0,0
1779,452,0,0,0
1780,453,0.95,0.47667,3.9845
1781,453,1.35,0.83518,4.127
1782,453,1.35,0.83518,4.127
1783,453,1.575,0.99433,3.5599
1784,453,1.725,1.1455,3.5942
1785,453,1.85,1.1533,3.5406
1786,453,1.825,1.0098,3.4527
1787,454,1.45,0.87118,3.8778
1788,454,1.475,0.93225,3.6308
1789,455,0,0,0
1790,455,0,0,0
1791,455,0,0,0
1792,455,0,0,0
1793,455,0,0,0
1794,455,0,0,0
1795,455,0,0,0
1796,456,0,0,0
1797,456,0,0,0
1798,457,1.45,0.68263,5.3537
1799,457,1.05,0.43619,4.8742
1800,457,1.05,0.43227,4.8318
1801,457,1.15,0.51705,5.1414
1802,457,0.8,0.3177,4.8445
1803,457,0.86667,0.35493,4.998
1804,457,0.875,0.37828,5.545
1805,458,1.375,0.70032,3.2461
1806,458,1.375,0.67855,3.3735
1807,459,0.25,0.078715,3.889
1808,459,0.25,0.078715,3.889
1809,460,0,0,0
1810,460,0,0,0
1811,460,0,0,0
1812,460,0,0,0
1813,461,0,0,0
1814,461,0,0,0
1815,461,0,0,0
1816,461,0,0,0
1817,461,0,0,0
1818,462,0,0,0
1819,462,0,0,0
1820,463,2.45,1.4243,4.8513
1821,463,2.35,1.3852,4.6602
1822,463,2.1,1.225,4.5642
1823,463,1.05,0.47209,3.4981
1824,463,1.05,0.47209,3.4981
1825,463,1.05,0.46271,3.3283
1826,464,0.35,0.10614,3.1978
1827,464,0.4,0.13386,3.2465
1828,464,0.45,0.16158,3.2951
1829,464,0.35,0.13873,3.1804
1830,464,0.35,0.13873,3.1804
1831,465,0.675,0.20823,1.4947
1832,465,0.6,0.18719,1.44
1833,465,0.525,0.16615,1.3854
1834,466,0.98333,0.48987,4.5492
1835,466,1.35,0.67966,4.8768
1836,466,1.55,0.84688,4.6411
1837,467,0.3,0.13107,5.446
1838,467,0.3,0.13107,5.446
1839,468,1.075,0.43611,2.7939
1840,468,0.875,0.40636,2.7942
1841,468,0.725,0.29663,2.602
1842,469,0.375,0.10436,2.4232
1843,469,0.3,0.096087,2.2278
1844,469,0.275,0.08658,2.1482
1845,470,0.9,0.37261,3.2456
1846,470,0.75,0.32834,3.1815
1847,470,0.75,0.30348,3.3845
1848,470,0.375,0.12933,2.6314
1849,471,0.47,0.16942,0.88861
1850,471,0.485,0.17611,1.123
1851,471,0.49,0.17834,1.2012
1852,472,0.45,0.16115,2.9257
1853,472,0.4125,0.15461,2.8349
1854,472,0.375,0.14807,2.7441
1855,473,0,0,0
1856,473,0,0,0
1857,473,0,0,0
1858,473,0,0,0
1859,473,0,0,0
1860,473,0,0,0
1861,473,0,0,0
1862,473,0,0,0
1863,473,0,0,0
1864,473,0,0,0
1865,474,0,0,0
1866,474,0,0,0
1867,474,0,0,0
1868,474,0,0,0
1869,474,0,0,0
1870,474,0,0,0
1871,475,0,0,0
1872,475,0,0,0
1873,475,0,0,0
1874,475,0,0,0
1875,475,0,0,0
1876,475,0,0,0
1877,475,0,0,0
1878,475,0,0,0
1879,476,0,0,0
1880,476,0,0,0
1881,476,0,0,0
1882,476,0,0,0
1883,476,0,0,0
1884,476,0,0,0
1885,476,0,0,0
1886,476,0,0,0
1887,476,0,0,0
1888,477,0.525,0.20562,2.5075
1889,477,0.375,0.15143,2.3186
1890,478,2.075,1.4553,3.901
1891,478,2.075,1.4553,3.901
1892,478,2.275,1.5613,3.853
1893,478,2.275,1.5613,3.853
1894,478,1.875,1.2559,3.5292
1895,478,1.475,0.95047,3.2054
1896,479,0.175,0.055748,1.9261
1897,479,0.375,0.10467,2.3912
1898,480,0.675,0.33435,2.8494
1899,480,0.54167,0.26848,2.6605
1900,480,0.275,0.12979,2.2408
1901,481,1.15,0.97538,3.5462
1902,481,1.45,1.2496,3.7417
1903,481,1.85,1.519,4.3292
1904,481,2.75,2.2532,5.5129
1905,481,4.6375,3.8445,7.0112
1906,481,6.475,5.2843,8.2491
1907,482,1.275,0.76917,3.5269
1908,482,0.975,0.54598,2.9194
1909,482,0.725,0.37718,3.0652
1910,482,0.725,0.37718,3.0652
1911,483,0.25,0.085456,3.5337
1912,483,0.25,0.085456,3.5337
1913,484,0,0,0
1914,484,0,0,0
1915,484,0,0,0
1916,484,0,0,0
1917,485,0,0,0
1918,485,0,0,0
1919,485,0,0,0
1920,485,0,0,0
1921,485,0,0,0
1922,485,0,0,0
1923,485,0,0,0
1924,485,0,0,0
1925,486,0.445,0.081331,0.5
1926,486,0.445,0.081331,0.5
1927,487,0,0,0
1928,487,0,0,0
1929,487,0,0,0
1930,487,0,0,0
1931,487,0,0,0
1932,488,0,0,0
1933,488,0,0,0
1934,488,0,0,0
1935,488,0,0,0
1936,488,0,0,0
1937,488,0,0,0
1938,488,0,0,0
1939,488,0,0,0
1940,488,0,0,0
1941,489,2.025,1.2591,3.8836
1942,489,2.025,1.2591,3.8836
1943,490,1.325,0.69484,2.8478
1944,490,1.325,0.69484,2.8478
1945,491,1.025,0.48281,2.294
1946,491,1.525,0.78369,2.7652
1947,491,1.525,0.78369,2.7652
1948,492,0.825,0.64367,2.1386
1949,492,0.825,0.64367,2.1386
1950,492,0.575,0.24119,2.0975
1951,493,0.555,0.34823,1.7536
1952,493,0.555,0.34823,1.7536
1953,493,0.555,0.34823,1.7536
1954,494,0.41,0.1086,0.73101
1955,494,0.41,0.12798,0.7529
1956,495,0.135,0.051724,1.2765
1957,495,0.135,0.051724,1.2765
1958,496,0.85,0.35242,3.5878
1959,496,0.85,0.37125,3.4392
1960,496,0.83333,0.37271,3.1571
1961,496,0.8,0.3655,3.0629
1962,496,0.90833,0.38503,3.2407
1963,496,0.95,0.44617,3.5676
1964,496,1.4,0.76943,4.0335
1965,496,1.7167,0.9638,4.1776
1966,496,1.45,0.77178,3.7689
1967,497,1.065,0.46112,1.9469
1968,497,1.305,0.61748,2.1148
1969,497,1.115,0.56017,2.068
1970,497,1.16,0.56107,2.0774
1971,498,0.735,0.27379,1.2562
1972,498,0.735,0.27379,1.2562
1973,499,0.425,0.19246,2.1959
1974,499,0.5,0.25775,2.302
1975,499,0.575,0.32304,2.4081
1976,499,0.775,0.35583,2.4286
1977,499,0.775,0.35583,2.4286
1978,500,0.495,0.15447,1.082
1979,500,0.5175,0.15385,1.101
1980,501,0.35,0.13829,2.961
1981,501,0.35,0.15319,3.0266
1982,501,0.4,0.16079,3.2839
1983,501,0.45,0.16095,3.5085
1984,502,0.575,0.20706,2.5606
1985,502,0.575,0.20706,2.5606
1986,503,0.325,0.11351,2.5171
1987,503,0.325,0.11351,2.5171
1988,504,1.25,0.81867,5.6766
1989,504,1.25,0.81867,5.6766
1990,505,0.75,0.35365,5.4308
1991,505,0.75,0.35365,5.4308
1992,506,0.95,0.3738,4.2043
1993,506,0.975,0.36416,3.9705
1994,507,0.43,0.11289,0.87908
1995,507,0.44,0.14673,0.88098
1996,507,0.41,0.1583,0.88786
1997,508,0.55,0.23949,3.5437
1998,508,0.55,0.23949,3.5437
1999,509,0.75,0.33522,3.3713
2000,509,0.75,0.33522,3.3713
2001,510,0.925,0.47102,2.9703
2002,510,0.725,0.27807,2.5184
2003,511,1.575,0.67599,3.1081
2004,511,1.575,0.67599,3.1081
2005,512,0.2175,0.081869,0.33654
2006,512,0.2275,0.088497,0.34221
2007,513,0.95,0.33648,3.251
2008,513,0.95,0.33648,3.251
2009,514,0.1975,0.065958,0.32281
2010,514,0.1975,0.065958,0.32281
2011,515,1.925,0.89145,3.6503
2012,515,1.925,0.89145,3.6503
2013,516,0.525,0.23081,2.6382
2014,516,0.45,0.17194,2.4851
2015,516,0.4,0.14604,2.5126
2016,517,0.435,0.14894,1.5789
2017,517,1.185,0.69255,2.1325
2018,518,0.765,0.27258,1.4513
2019,518,0.765,0.27258,1.4513
2020,519,1.095,0.45165,1.9746
2021,519,1.38,0.70675,2.2067
2022,519,1.56,0.80455,2.3621
2023,520,0,0,0
2024,520,0,0,0
2025,520,0,0,0
2026,521,0,0,0
2027,521,0,0,0
2028,522,0,0,0
2029,522,0,0,0
2030,522,0,0,0
2031,522,0,0,0
2032,522,0,0,0
2033,522,0,0,0
2034,522,0,0,0
2035,522,0,0,0
2036,522,0,0,0
2037,523,0.65,0.29456,4.5557
2038,523,0.65,0.28702,4.5327
2039,523,0.65,0.27097,4.3994
2040,523,0.65,0.26247,4.2891
2041,524,0.45,0.16227,3.696
2042,524,1.45,0.40759,4.7972
2043,525,0,0,0
2044,525,0,0,0
2045,525,0,0,0
2046,526,0.54,0.21173,0.82323
2047,526,0.522,0.20616,0.81633
2048,526,0.45667,0.17217,0.7849
2049,527,0.43,0.13529,0.75926
2050,527,0.398,0.13477,0.7619
2051,527,0.43,0.12578,0.7324
2052,528,0,0,0
2053,528,0,0,0
2054,528,0,0,0
2055,528,0,0,0
2056,528,0,0,0
2057,528,0,0,0
2058,528,0,0,0
2059,528,0,0,0
2060,529,0,0,0
2061,529,0,0,0
2062,529,0,0,0
2063,529,0,0,0
2064,529,0,0,0
2065,529,0,0,0
2066,530,0,0,0
2067,530,0,0,0
2068,530,0,0,0
2069,530,0,0,0
2070,531,0.775,0.37508,2.0186
2071,531,0.775,0.37508,2.0186
2072,532,3.1,1.9809,6.4686
2073,532,3.6,2.3728,6.8796
2074,532,3.85,2.538,7.0696
2075,532,4.25,3.1929,7.4023
2076,533,3.6,2.5647,5.2536
2077,533,4.2167,3.0852,5.8426
2078,533,4.9417,3.6005,6.9083
2079,533,5.5625,4.3425,7.7057
2080,533,5.8125,4.6415,7.7774
2081,534,1.45,0.77089,4.4573
2082,534,1.75,0.9586,4.7871
2083,534,1.9833,1.193,5.0137
2084,534,2,1.1822,4.9856
2085,534,2.15,1.0826,5.0563
2086,535,0.475,0.16335,1.8461
2087,535,0.4,0.14817,1.9204
2088,535,0.375,0.15325,2.0631
2089,536,0,0,0
2090,536,0,0,0
2091,536,0,0,0
2092,536,0,0,0
2093,536,0,0,0
2094,536,0,0,0
2095,536,0,0,0
2096,537,0,0,0
2097,537,0,0,0
2098,537,0,0,0
2099,537,0,0,0
2100,537,0,0,0
2101,537,0,0,0
2102,537,0,0,0
2103,538,0,0,0
2104,538,0,0,0
2105,538,0,0,0
2106,538,0,0,0
2107,539,0,0,0
2108,539,0,0,0
2109,539,0,0,0
2110,539,0,0,0
2111,540,0,0,0
2112,540,0,0,0
2113,540,0,0,0
2114,540,0,0,0
2115,541,1.695,0.86302,2.391
2116,541,1.8525,1.0365,2.5167
2117,541,1.941,1.0512,2.507
2118,541,1.83,0.94044,2.4145
2119,541,1.875,0.9326,2.4269
2120,542,0.045,0.017475,0.082395
2121,542,0.057,0.019012,0.083372
2122,542,0.057,0.021167,0.084878
2123,542,0.057,0.022245,0.085631
2124,543,1.225,0.66745,3.4783
2125,543,1.15,0.6003,3.2969
2126,543,1.075,0.53314,3.1154
2127,543,0.85,0.36619,3.2321
2128,544,2.15,1.4727,4.7493
2129,544,2.2167,1.5166,4.9316
2130,544,2.25,1.5385,5.0228
2131,545,0.105,0.036591,1.3336
2132,545,0.275,0.10242,2.0987
2133,546,1.85,1.2566,4.2282
2134,546,1.45,0.72971,3.9531
2135,546,1.3,0.68914,3.868
2136,546,1.15,0.61494,3.6535
2137,546,1.05,0.54684,3.5065
2138,547,4.95,3.5367,7.0627
2139,547,3.15,2.2418,5.6203
2140,548,0.38,0.13176,0.76049
2141,548,0.44333,0.14293,0.76923
2142,548,0.48333,0.16512,0.78476
2143,549,0,0,0
2144,549,0,0,0
2145,549,0,0,0
2146,549,0,0,0
2147,549,0,0,0
2148,549,0,0,0
2149,549,0,0,0
2150,549,0,0,0
2151,549,0,0,0
2152,549,0,0,0
2153,549,0,0,0
2154,549,0,0,0
2155,549,0,0,0
2156,549,0,0,0
2157,549,0,0,0
2158,550,0.4,0.1307,3.1712
2159,550,0.41667,0.13632,3.0996
2160,551,0.85,0.34848,1.2138
2161,551,0.83,0.37555,1.1936
2162,551,0.67,0.31516,1.1839
2163,551,0.47,0.16052,1.0454
2164,552,0,0,0
2165,552,0,0,0
2166,553,0,0,0
2167,553,0,0,0
2168,554,0,0,0
2169,554,0,0,0
2170,555,0,0,0
2171,555,0,0,0
2172,555,0,0,0
2173,556,1.65,0.97775,4.9743
2174,556,1.9167,1.1779,5.236
2175,556,1.6833,1.0693,4.8085
2176,556,1.35,0.8881,4.1629
2177,557,0.725,0.30811,2.2197
2178,557,0.525,0.19618,1.7825
2179,558,0.55,0.19495,2.0846
2180,558,0.64167,0.23218,2.035
2181,559,0.063,0.020207,0.1
2182,559,0.063,0.020207,0.1
2183,560,2.5583,1.5515,4.3557
2184,560,2.3083,1.4858,4.3275
2185,560,2.9375,2.023,5.0368
2186,560,3.625,2.5801,5.6256
2187,561,0.225,0.082403,1.8065
2188,561,0.225,0.082403,1.8065
2189,561,0.225,0.082403,1.8065
2190,562,0.335,0.12088,0.56153
2191,562,0.335,0.12159,0.56068
2192,562,0.29,0.086312,0.52992
2193,562,0.275,0.078468,0.51769
2194,562,0.355,0.11238,0.56027
2195,563,1.325,0.54333,2.7116
2196,563,1.325,0.54333,2.7116
2197,564,0.43,0.11947,0.88675
2198,564,0.37286,0.11739,0.8675
2199,564,0.35,0.11656,0.8598
2200,565,0.22125,0.08315,0.33907
2201,565,0.2125,0.084517,0.33779
2202,565,0.21417,0.087506,0.34023
2203,565,0.2435,0.08835,0.34255
2204,565,0.2385,0.089985,0.34279
2205,565,0.21,0.082764,0.33761
2206,565,0.20917,0.075964,0.33352
2207,565,0.22,0.085226,0.33867
2208,566,0.049,0.01798,0.082146
2209,566,0.049667,0.01775,0.082005
2210,566,0.051,0.017276,0.081813
2211,566,0.051,0.01724,0.082083
2212,566,0.049,0.015259,0.082259
2213,566,0.055,0.01867,0.081464
2214,567,0.225,0.087608,2.3184
2215,567,0.225,0.087608,2.3184
2216,568,0,0,0
2217,568,0,0,0
2218,568,0,0,0
2219,569,0,0,0
2220,569,0,0,0
2221,569,0,0,0
2222,570,0,0,0
2223,570,0,0,0
2224,570,0,0,0
2225,570,0,0,0
2226,570,0,0,0
2227,571,1.0625,0.47487,3.512
2228,571,1.2625,0.61026,3.7331
2229,571,1.7,0.88247,4.5066
2230,571,2.3,1.4858,5.101
2231,571,2.45,1.5568,5.1857
2232,571,2.2,1.3049,5.071
2233,571,2.65,1.7182,5.4915
2234,572,0,0,0
2235,572,0,0,0
2236,573,0,0,0
2237,573,0,0,0
2238,574,0,0,0
2239,574,0,0,0
2240,575,0.475,0.17592,1.9353
2241,575,0.55,0.21133,2.0012
2242,575,0.59167,0.24556,2.0165
2243,576,0.25,0.080145,4.1887
2244,576,0.26667,0.093096,4.455
2245,576,0.3,0.119,4.9876
2246,577,0,0,0
2247,577,0,0,0
2248,578,0,0,0
2249,578,0,0,0
2250,578,0,0,0
2251,579,0.525,0.16064,1.9412
2252,579,0.525,0.16064,1.9412
2253,579,0.275,0.11419,1.8695
2254,580,2.45,1.5825,6.1105
2255,580,1.85,1.0763,5.1047
2256,581,0.95,0.50233,5.4521
2257,581,0.95,0.50233,5.4521
2258,581,1.25,0.61793,5.7005
2259,581,2.3,1.4839,7.1838
2260,581,2.3,1.4839,7.1838
2261,582,0.1675,0.063803,0.25459
2262,582,0.1625,0.055495,0.25217
2263,583,1.45,0.87951,3.7816
2264,583,1.45,0.87951,3.7816
2265,584,1.1,0.49182,3.7116
2266,584,1.2,0.58399,3.6376
2267,584,1.15,0.63521,3.7744
2268,584,0.9625,0.56094,3.5285
2269,584,0.9625,0.53511,3.2643
2270,584,1.6,1.0249,4.0772
2271,585,0.1625,0.053618,0.24832
2272,585,0.1525,0.055235,0.24819
2273,586,0.35,0.11348,2.9629
2274,586,0.41667,0.15697,3.2828
2275,586,0.45,0.18186,2.959
2276,587,0.575,0.21371,1.9176
2277,587,0.525,0.21369,1.9575
2278,588,0.55,0.27295,3.6467
2279,588,0.55,0.22224,3.5472
2280,588,0.65,0.23286,4.0442
2281,589,0.95,0.46922,4.9679
2282,589,0.75,0.40807,3.8549
2283,590,1.825,0.92046,3.439
2284,590,1.625,0.6954,2.8597
2285,591,0.465,0.14136,1.3441
2286,591,0.735,0.23287,1.4723
2287,592,0.5625,0.17134,1.3784
2288,592,0.495,0.15933,1.3931
2289,593,0.255,0.096666,1.332
2290,593,0.405,0.16444,1.4041
2291,594,0,0,0
2292,594,0,0,0
2293,594,0,0,0
2294,594,0,0,0
2295,595,2.295,1.4058,2.5409
2296,595,1.71,0.95336,2.1528
2297,595,1.125,0.50095,1.7647
2298,596,1.775,1.2533,3.8312
2299,596,1.575,1.0631,3.5516
2300,596,1.375,0.87291,3.272
2301,596,0.975,0.53752,2.7087
2302,597,0.85,0.29909,3.1532
2303,597,0.85,0.29909,3.1532
2304,598,0,0,0
2305,598,1.7375,0.93009,4.4659
2306,598,0,0,0
2307,599,0,0,0
2308,599,0,0,0
2309,600,0,0,0
2310,600,0,0,0
2311,601,0.375,0.14161,0.64359
2312,601,0.30167,0.094113,0.59663
2313,601,0.307,0.1008,0.60583
2314,601,0.34167,0.12015,0.62536
2315,602,0,0,0
2316,602,0,0,0
2317,603,0,0,0
2318,603,0,0,0
2319,604,0.4625,0.16654,2.919
2320,604,0.6,0.20473,3.3526
2321,604,0.5,0.16807,3.3484
2322,604,0.45,0.16661,3.2929
2323,604,0.525,0.17064,2.7627
2324,604,0.4875,0.15534,3.0044
2325,604,0.45,0.14996,3.4513
2326,605,0.575,0.25383,2.631
2327,605,0.425,0.19537,2.6416
2328,605,0.625,0.22995,2.7061
2329,606,0.5,0.22727,2.5548
2330,606,0.65,0.283,2.6747
2331,607,0.675,0.2833,2.7238
2332,607,0.575,0.25023,2.6054
2333,607,0.625,0.26633,2.6693
2334,607,0.625,0.21454,2.5268
2335,608,1.5,0.56717,6.5084
2336,608,1.025,0.45308,5.9679
2337,608,0.55,0.33899,5.4275
2338,608,1.05,0.47649,4.6
2339,609,1.175,0.57446,3.097
2340,609,1.135,0.66697,2.9647
2341,609,1.3125,0.77131,3.0283
2342,609,1.6375,1.0061,3.3747
2343,610,2.825,2.1317,4.2155
2344,610,2.2,1.5423,3.6451
2345,610,1.575,0.95286,3.0748
2346,611,2.95,1.6006,6.6942
2347,611,2.95,1.6006,6.6942
2348,611,2.95,1.6006,6.6942
2349,612,1.3,0.63657,7.5014
2350,612,0.725,0.33277,5.2138
2351,612,0.225,0.079265,4.3343
2352,612,0.5,0.20773,5.9643
2353,612,0.7,0.24222,5.6277
2354,612,1.4,0.77564,6.9637
2355,612,2,1.2153,8.0909
2356,613,0,0,0
2357,613,0,0,0
2358,613,0,0,0
2359,613,0,0,0
2360,613,0,0,0
2361,613,0,0,0
2362,613,0,0,0
2363,613,0,0,0
2364,613,0,0,0
2365,614,0,0,0
2366,614,0,0,0
2367,614,0,0,0
2368,615,0,0,0
2369,615,0,0,0
2370,615,0,0,0
2371,615,0,0,0
2372,615,0,0,0
2373,615,0,0,0
2374,615,0,0,0
2375,615,0,0,0
2376,616,0,0,0
2377,616,0,0,0
2378,616,0,0,0
2379,617,0.975,0.47917,2.733
2380,617,0.825,0.3672,2.6289
2381,617,0.675,0.25523,2.5247
2382,618,0,0,0
2383,618,0,0,0
2384,619,2.525,1.6217,3.6887
2385,619,3.05,2.1523,4.2567
2386,619,3.575,2.6829,4.8246
2387,620,2.5,1.3708,10.227
2388,620,2.5,1.3708,10.227
2389,621,0.3,0.12288,5.2973
2390,621,0.3,0.12288,5.2973
2391,622,1.5,0.81369,8.3905
2392,622,1.5,0.81369,8.3905
2393,623,3.5,2.7175,9.2688
2394,623,1.5,0.94178,6.4441
2395,624,1.35,0.83866,3.8468
2396,624,1.35,0.78717,3.6694
2397,625,0,0,0
2398,625,0,0,0
2399,626,0,0,0
2400,626,0,0,0
2401,627,1.55,0.81144,3.9132
2402,627,1.85,1.1645,4.7362
2403,628,0.57,0.19079,1.3726
2404,628,0.7425,0.26039,1.4105
2405,628,0.945,0.43271,1.5296
2406,628,0.9825,0.40077,1.5353
2407,628,1.005,0.44235,1.561
2408,628,0.925,0.34421,1.4782
2409,628,0.765,0.28055,1.4191
2410,628,0.645,0.21533,1.3498
2411,628,0.675,0.22124,1.4474
2412,629,2.025,1.3038,4.1239
2413,629,1.6583,0.95097,3.8262
2414,629,1.475,0.77453,3.6774
2415,630,3.125,2.1703,5.0183
2416,630,2.55,1.6655,4.615
2417,630,1.975,1.1608,4.2118
2418,631,0.35,0.12484,3.365
2419,631,0.35,0.13517,3.4939
2420,631,0.65,0.3622,4.0845
2421,631,0.8,0.47026,4.3577
2422,631,0.65,0.36163,4.1692
2423,632,0.5,0.18955,0.80522
2424,632,0.55,0.21432,0.82275
2425,632,0.6,0.23971,0.85389
2426,632,0.57,0.2199,0.84863
2427,632,0.63,0.29949,0.9073
2428,633,0.48333,0.19658,0.80158
2429,633,0.35,0.11481,0.72374
2430,634,0.645,0.26022,1.4877
2431,634,0.69,0.26591,1.4326
2432,634,0.735,0.2716,1.3776
2433,635,4.4625,3.3573,6.6618
2434,635,4.575,3.4454,6.2879
2435,635,3.675,2.5736,5.2942
2436,635,2.45,1.4086,3.9149
2437,635,1.9083,1.0616,3.4683
2438,635,2.2,1.4018,3.7704
2439,635,2.425,1.5741,3.9196
2440,635,2.375,1.43,4.0437
2441,635,2.25,1.231,4.281
2442,636,0.75,0.29366,3.4712
2443,636,0.95,0.46326,3.8819
2444,636,1.05,0.61277,4.1594
2445,636,1.15,0.69225,4.4491
2446,636,1.35,0.75159,4.8481
2447,637,0.95,0.68075,4.5213
2448,637,0.95,0.68075,4.5213
2449,638,0.55,0.19119,3.73
2450,638,0.85,0.33241,3.6848
2451,639,0.7,0.26484,8.1113
2452,639,0.7,0.28884,7.9376
2453,640,0.35,0.09589,0.72247
2454,640,0.35,0.087229,0.69892
2455,640,0.39,0.097529,0.74857
2456,641,0.625,0.27942,1.8566
2457,641,0.75,0.36047,2.0661
2458,641,0.845,0.44679,2.1131
2459,641,0.8425,0.4932,1.9803
2460,641,0.935,0.56086,2.1012
2461,641,0.785,0.37133,1.9544
2462,642,0.775,0.27361,2.3925
2463,642,1.175,0.60567,2.9171
2464,642,1.05,0.61479,2.8405
2465,642,1.125,0.76093,2.8862
2466,642,1.325,0.89794,3.0084
2467,642,1.275,0.84476,3.1857
2468,642,1.95,1.1855,4.151
2469,642,1.95,1.1855,4.151
2470,643,1.95,1.006,4.2853
2471,643,2.0333,1.1225,4.1045
2472,643,2.5917,1.6411,4.6111
2473,643,3.3625,2.4841,5.3818
2474,643,3.375,2.5628,5.3302
2475,643,4.225,3.159,6.1087
2476,644,1.05,0.51652,3.8546
2477,644,1.3167,0.77484,3.9462
2478,644,1.8,1.1365,4.7174
2479,644,2.05,1.2472,4.9972
2480,644,2.1,1.154,4.9225
2481,644,3,1.9789,5.8783
2482,644,4.1,2.9918,7.0287
2483,645,0.95,0.45784,3.3721
2484,645,0.75833,0.43513,3.2077
2485,645,0.6,0.34615,2.9651
2486,645,0.65,0.4054,3.1401
2487,646,0.705,0.21212,1.4348
2488,646,0.63,0.22216,1.4474
2489,646,0.525,0.18131,1.4012
2490,647,1.175,0.56379,3.2363
2491,647,1.2125,0.58125,3.5752
2492,647,1.25,0.59871,3.9141
2493,648,1.05,0.44098,3.4141
2494,648,0.725,0.26852,2.9526
2495,648,0.675,0.26866,2.9633
2496,648,0.525,0.18324,2.7943
2497,648,0.475,0.15887,2.5598
2498,648,0.475,0.17192,2.4493
2499,649,0.7,0.26117,3.5389
2500,649,0.55,0.20713,3.453
2501,650,7.125,5.8597,8.404
2502,650,5.8,4.5371,6.8998
2503,650,5.525,4.4551,6.6417
2504,650,5.025,3.9617,6.0727
2505,650,5.425,4.2957,6.512
2506,651,5.525,4.4449,6.4833
2507,651,5.725,4.8247,6.7867
2508,651,5.925,4.8288,6.9765
2509,651,6.125,4.8638,7.0625
2510,652,6.125,4.7579,7.0724
2511,652,5.8,4.5125,6.7688
2512,652,5.05,3.8779,6.08
2513,652,4.625,3.4887,5.6948
2514,652,3.925,2.9261,5.21
2515,653,5.65,4.5459,7.9559
2516,653,5.3625,4.0773,7.3343
2517,653,5.075,3.6087,6.7128
2518,654,0.45,0.15925,3.3287
2519,654,0.45,0.15925,3.3287
2520,655,1.95,1.1887,4.4705
2521,655,2.65,1.7561,5.0453
2522,655,2.3,1.5471,4.8832
2523,655,1.95,1.338,4.7211
2524,655,2.15,1.4601,4.9404
2525,655,2.15,1.405,4.5578
2526,655,2.15,1.405,4.5578
2527,655,2.75,1.8868,5.186
2528,655,2.95,2.1965,5.3197
2529,655,3.75,2.9417,6.1123
2530,655,3.75,2.9417,6.1123
2531,655,4.35,3.2315,7.2023
2532,656,0.7,0.37502,5.8486
2533,656,0.7,0.25843,5.3617
2534,657,4.25,2.9336,7.4679
2535,657,4.25,2.9336,7.4679
2536,658,0.69,0.2501,0.97931
2537,658,0.39,0.21239,0.83561
2538,658,0.43,0.20701,0.8989
2539,659,3.125,2.2311,4.5046
2540,659,2.875,1.9477,4.4069
2541,659,2.625,1.6642,4.3092
2542,659,2.625,1.6642,4.3092
2543,660,0.41,0.14758,0.7785
2544,660,0.35,0.087737,0.67205
2545,661,0.41,0.12199,0.73001
2546,661,0.41,0.12199,0.73001
2547,662,0.37,0.11449,0.75166
2548,662,0.37,0.11421,0.74913
2549,662,0.4,0.1235,0.77452
2550,662,0.38,0.12001,0.76262
2551,663,0.275,0.089609,1.9806
2552,663,0.275,0.089609,1.9806
2553,664,0.225,0.10614,2.1504
2554,664,0.225,0.10614,2.1504
2555,665,0.625,0.21084,2.009
2556,665,0.75833,0.28936,1.9495
2557,665,0.8,0.3233,1.9893
2558,665,1.1083,0.44594,2.1541
2559,666,1,0.38968,3.9633
2560,666,1.1167,0.52186,4.3211
2561,666,1.55,0.82614,5.1613
2562,667,1.375,0.59129,2.2142
2563,667,1.225,0.52296,2.129
2564,667,0.99167,0.39651,2.0179
2565,667,0.825,0.28026,1.9663
2566,667,0.665,0.24105,1.9353
2567,667,0.55833,0.19501,1.8628
2568,668,1.065,0.51273,2.0453
2569,668,1.165,0.55368,2.0461
2570,668,1.125,0.51944,1.9973
2571,668,1.065,0.52141,2.0143
2572,668,1.125,0.49792,1.9743
2573,668,1.2683,0.56006,2.111
2574,669,0.925,0.42539,2.2537
2575,669,0.375,0.14318,1.5862
2576,670,0.4025,0.17129,0.74922
2577,670,0.365,0.16395,0.70543
2578,670,0.3625,0.13396,0.70235
2579,670,0.47,0.18662,0.78409
2580,670,0.53,0.22334,0.82753
2581,670,0.54,0.2196,0.83194
2582,671,0.45,0.1345,1.0149
2583,671,0.49,0.14943,1.013
2584,672,0.49,0.17051,0.77786
2585,672,0.42333,0.14821,0.76242
2586,672,0.5,0.18638,0.80714
2587,673,3.05,1.9949,6.1294
2588,673,3.05,1.9949,6.1294
2589,674,2.625,1.7094,4.3532
2590,674,2.625,1.7094,4.3532
2591,675,2.075,1.5244,3.8471
2592,675,2.075,1.5244,3.8471
2593,676,1.625,1.2316,3.8273
2594,676,1.875,1.427,3.8608
2595,676,1.775,1.3902,3.6496
2596,677,0.585,0.43452,1.8217
2597,677,0.585,0.43452,1.8217
2598,678,5.925,4.509,7.4152
2599,678,5.325,4.0288,6.7754
2600,678,5.1583,3.9092,6.5383
2601,678,4.825,3.3989,5.935
2602,679,0.775,0.33104,2.0416
2603,679,0.775,0.33104,2.0416
2604,680,1.325,0.72077,2.664
2605,680,0.525,0.26422,1.7282
2606,680,0.725,0.36091,1.9611
2607,681,2.5583,1.696,4.1963
2608,681,2.725,1.8842,4.0063
2609,681,2.175,1.3215,3.5579
2610,682,0.47,0.15975,0.76693
2611,682,0.57667,0.22596,0.84624
2612,682,0.55,0.22359,0.83785
2613,683,0,0,0
2614,683,0,0,0
2615,683,0,0,0
2616,683,0,0,0
2617,683,0,0,0
2618,683,0,0,0
2619,683,0,0,0
2620,683,0,0,0
2621,683,0,0,0
2622,683,0,0,0
2623,683,0,0,0
2624,683,0,0,0
2625,684,0.16,0.05414,0.24779
2626,684,0.1675,0.056582,0.24987
2627,684,0.17917,0.062667,0.25775
2628,684,0.1725,0.069179,0.26381
2629,685,0,0,0
2630,685,0,0,0
2631,685,0,0,0
2632,686,0,0,0
2633,686,0,0,0
2634,687,0.575,0.23414,2.8175
2635,687,0.65,0.28681,3.4809
2636,687,0.41667,0.15374,2.9137
2637,687,0.4125,0.15464,2.8493
2638,687,0.475,0.15531,2.6802
2639,687,0.75,0.4439,3.1702
2640,687,1.05,0.66254,3.8436
2641,687,1.35,0.88118,4.517
2642,688,0.85,0.3781,4.4233
2643,688,0.75,0.33107,4.1329
2644,688,0.45,0.21252,3.4456
2645,688,0.3,0.13187,2.7843
2646,688,0.50833,0.29832,2.9671
2647,689,0.325,0.11011,2.1822
2648,689,0.325,0.11011,2.1822
2649,689,0.825,0.61578,2.8063
2650,690,0.825,0.28878,1.8147
2651,690,0.80833,0.31529,1.8373
2652,690,0.75,0.30866,1.7801
2653,690,0.81,0.36805,1.8049
2654,690,0.885,0.37922,1.8341
2655,690,0.96,0.42835,1.845
2656,690,0.985,0.42459,1.8851
2657,690,1.005,0.4263,1.8485
2658,690,1.095,0.44501,1.8754
2659,691,0.75,0.30185,3.6637
2660,691,0.325,0.10881,2.4962
2661,692,0,0,0
2662,692,0,0,0
2663,692,0,0,0
2664,692,0,0,0
2665,692,0,0,0
2666,692,0,0,0
2667,692,0,0,0
2668,692,0,0,0
2669,693,0.875,0.37189,2.7557
2670,693,0.55,0.22402,2.2475
2671,693,0.425,0.14002,2.1696
2672,693,0.275,0.087927,1.8286
2673,693,0.13,0.041783,1.3641
2674,694,0.325,0.11231,2.4198
2675,694,0.325,0.11231,2.4198
2676,695,1.275,0.58001,2.5865
2677,695,1.4,0.70352,2.7323
2678,695,1.275,0.6018,2.5587
2679,695,1.075,0.49127,2.4079
2680,695,1.2,0.52784,2.563
2681,695,1.275,0.51677,2.6355
2682,696,0.35,0.12796,2.9917
2683,696,0.35,0.12796,2.9917
2684,697,2.1,1.3401,4.9597
2685,697,2.475,1.7412,5.305
2686,697,1.9833,1.3173,4.9833
2687,697,1.4,0.76082,4.5629
2688,697,1.2,0.63424,4.265
2689,697,0.79,0.3696,3.8167
2690,697,0.88333,0.38788,4.0438
2691,697,0.875,0.37118,3.9686
2692,697,0.57,0.20339,3.5336
2693,697,0.4,0.11227,2.9647
2694,698,0.35,0.10911,4.1235
2695,698,0.15,0.048226,2.6612
2696,699,1.475,0.60526,2.4956
2697,699,1.3625,0.57267,2.4246
2698,699,1.1375,0.5032,2.3136
2699,700,4.55,3.2602,6.7081
2700,700,4.35,3.0642,6.6877
2701,700,4.35,2.9435,6.6411
2702,701,1.3,0.4266,6.4086
2703,701,0.35,0.11149,3.9033
2704,702,0.27,0.12906,0.98377
2705,702,0.23667,0.10291,0.95306
2706,702,0.17,0.050599,0.89163
2707,703,0.225,0.082732,1.5419
2708,703,0.575,0.24567,2.0942
